-0.01204664580732278	-0.015318978226330411	-0.00396903876571452	0.024064088220564418	0.0051797652981568605
0.04375544115114494	0.018222741433456542	0.012182816370999576	0.04610433026718728	0.03282539695475612
-0.013104897524096057	-0.01262628187451536	-0.013872005655229853	0.020910795343857626	0.001240376774953386
-0.07862548055773935	-0.07596420098755972	-0.07558752909552487	-0.03583921272538757	-0.015566210746467735
-0.12133969363586929	-0.13138419088724956	-0.11420656484016357	-0.03738996541858832	-0.020261340688041748
-0.023238727082918537	-0.0362035024712955	-0.01908262185007913	0.05048500702495693	0.0006492054637473693
-0.043910002069198456	-0.05362944617887861	-0.04415145138822721	0.022550819480991555	0.0202298076531471
-0.07448212852306918	-0.06572527310075282	-0.09190981392760462	-0.015259525963808982	-0.017065867631870523
-0.022524383266456453	-0.030923755687748255	-0.026078324099443388	0.016045135975212746	0.0033278213185814155
-0.03609926192540988	-0.013274439654594294	0.014011092265019842	0.03442228578430697	0.0032490377566409493
-0.05931501824473849	-0.052912114144830456	-0.05336771809842138	-0.004279857072610263	-0.01767814889749392
-0.04846604348589906	-0.048711687967841324	-0.04378964584705247	0.009173201447891842	-0.011702659818679174
-0.07105403965832933	-0.03200245481731621	-0.031214383464461908	0.005188670602844091	-0.014435826556519213
-0.03885710120338142	-0.03883328073796849	-0.027142354168862983	-0.008899640018371907	-0.0115739884178903
0.0024058840604628236	0.015710587982500263	0.013399552174995463	0.021736256705514004	-0.002132687560425295
-0.0008753987913837832	0.012552396296890192	0.008620976576730588	0.013968146097664273	-0.007021291749303095
0.0008972575147706395	0.036026982338394006	0.027077892350224144	0.03614395023793071	0.00292468684217774
0.004951008311124891	0.030612338124348066	0.030863570939111868	0.028596858393428383	0.005367053015756993
0.03448428481872285	0.0712346948597762	0.05675299203672211	0.06863918256869553	0.029198449224205416
-0.015207341235413062	0.004491989841433273	0.003069121042064317	0.025706453760519766	-0.0010770383327064063
-0.04621948749475318	-0.026295589087326002	-0.022226509771687053	-0.0009870177184479125	-0.012484536168654956
0.1071089353505125	0.051187905514222795	0.04869504507292528	0.07422139909627763	0.05957646483325365
-0.06864027923488206	-0.07741505237436593	-0.10020228013421464	-0.026402453940630476	-0.01656313423576156
-2.89301257873098e-5	0.022542173974045995	0.030120721910774022	0.027331473712757827	0.03734383624117476
-0.015499550091932964	-0.022648746100737308	-0.01137783711018696	0.013036857836430984	0.003190682368293379
0.017325830520133857	-0.007977979382419318	-0.0015893347024890478	0.019275955504961036	-0.004770977342048149
0.07572439435600416	0.10305381296930641	0.09289283244917963	0.07543126531184176	0.16335885059690916
0.052404696622219964	0.06860332987599994	0.06875102636727405	0.052090429339807065	0.05253041993610071
-0.02315880767897872	-0.03461254364303227	-0.0361994722491458	0.0030720478433638575	-0.014695989068914271
0.047533956494382634	0.10335323850135789	0.09113270697265272	0.056458405190083785	0.06242646018644983
-0.0637747217661659	-0.036874079326612956	-0.058161671182092214	-0.037719677283739365	-0.018232091608864184
-0.005575145446576411	0.020971125943443764	0.010907536135176652	-0.007228990700171873	-0.002392420803412341
0.006179882563075855	-0.03959243836192667	-0.03498589840760175	-0.05690774107999015	-0.01895657211387501
0.12431055076208779	0.09019971875563794	0.08426193851207134	0.08145189279820907	0.04308064311208933
-0.030126916479884237	-0.034407720749387256	-0.02512627205617708	-0.036594269988820934	-0.015023513210177863
0.022328539134456343	0.03100948084630576	0.03277968036882985	0.02648792184911757	0.0038625226600162124
-0.024756519042551366	-0.02705522472771157	-0.015996432907698928	-0.0012641767919890712	-0.009744038182689898
-0.06294835271962028	-0.06790144687323199	-0.06635503836175974	-0.03887418876480724	-0.018504627180666557
-0.036240377647290926	-0.04273006235732895	-0.04684860809634285	-0.06298372236442987	-0.018572460164179183
-0.03663068417703502	-0.03223109635567938	-0.03368793236003052	-0.021941752272392555	-0.00993405302358797
0.02347708804427958	0.01249340343216445	0.013677147352877641	0.029217524443688407	0.00717082623411606
-0.0017376731678897981	-0.028755995079606664	-0.019676270996255445	0.04398547644770287	0.0017971307800937442
-0.03571340254071867	-0.07203654002970619	-0.05965561282333472	-0.010710537692481608	-0.0038965471408867543
-0.02205421997852665	-0.020374475494796887	-0.015793306558016768	0.007451134505114069	-0.005627420313309251
-0.014694842883466385	-0.03725607124435706	-0.021249800759029772	-0.013727801917605047	-0.009110764801310145
-0.0018885612151630083	-0.007585186511764978	-0.00835118730306404	-0.02179782967328189	-0.0110202898008893
0.01075404636994232	0.01250475365991898	0.014550166462998804	0.015841398142350843	0.0014522422704238284
0.1056745209529388	0.041105520516281774	0.03895608347295773	0.08498556203430215	0.06359836567031421
-0.015140170192223579	-0.08459024463892886	-0.07338145597809044	-0.04711077103619842	-0.018108091669280117
-0.03366365407280022	-0.06949780794438162	-0.08693463530314705	-0.05569916746400277	-0.02110610921481445
0.03952369262094904	0.027006167572319866	0.04569442568110281	0.08876854975700325	0.029824829043915382
0.01355369650097447	-0.03901237205248041	-0.018288871814787302	0.01874650916557771	-0.0030439760113449466
-0.02718910049553669	-0.02812422075328471	-0.028392630998330694	0.002382932441026125	-0.00782761120439374
-0.05867883921126303	-0.05004603428311263	-0.08509120763504818	-0.021893623773037402	-0.014234995809948763
0.00043648560767760997	0.015268160747780183	0.030666646038206364	0.052569962319273675	0.05710809840082462
-0.04517876549983499	-0.02200774559451089	-0.042313807722362054	-0.03408243680976922	-0.014268007469129368
0.0033599580979774934	0.07042789515127179	0.04476327247019763	0.04996464486376991	-0.0015538303892960823
-0.04103924339742334	0.004307597540913979	-0.009614980860189854	0.00016795202427008095	-0.01247939335280607
-0.08811910922426466	-0.05814694378159494	-0.0830946015453859	-0.06615559556647813	-0.02100937209116255
0.06186960484783832	0.12264108651795443	0.09003413096935585	0.09204547441693281	0.02571163691275159
-0.0314773993971517	-0.0004986425038644751	-0.0240345301321047	-0.026891311140399624	-0.018483862325185025
-0.09952347493733375	-0.06913206728882594	-0.08866904627740298	-0.08559742875636303	-0.02178482623411264
-0.016135274169381375	-0.007591991202778814	0.0013109698763270588	0.0051853809368665755	-0.010016077148706535
-0.02019505182231686	0.008963062960683688	-0.01123317989990186	-0.006132740188075548	-0.015388762557062946
-0.04163105095052901	-0.015001939174086612	-0.02631824797746016	-0.029577744798836958	-0.01714336338558696
0.027999116693342267	0.05599725026547457	0.034212380569065025	0.04797998916246652	-0.0018950659004743123
-0.011754629849325784	0.018513177488895596	0.003241491746264754	0.004998077271640581	-0.011750401310487536
-0.018939211017069614	-0.0246517391079986	-0.027241184052370342	-0.007245458424288147	-0.016051209424092883
0.02380556701451472	0.04508994606832851	0.03295061330498576	0.02990613605943661	0.010329727220134364
-0.009010051443864929	0.010899298533744654	-0.018277396927766965	-0.051655149910904724	-0.017394418652894452
0.009049982874134105	0.03535401450812449	0.012956582615154569	-0.016729682003983056	-0.007052746254748767
-0.060315773059215004	-0.043167057272618346	-0.06307480785481172	-0.08227999101794166	-0.020299697172204426
-0.02247190589256979	-0.018652726756955715	-0.02663758932359714	-0.06843678137459756	-0.01796952182096539
-0.062198456663117144	-0.05249000087964275	-0.06938239149514552	-0.06606406861394026	-0.020419059318772557
-0.0848678631843362	-0.04628676577199385	-0.058293704302137	-0.03281797280085748	-0.01856778870297438
0.02210934522797829	0.04209325481690586	0.024549308410594037	0.0012572482445384935	-0.008317483352356866
-0.02401849666481954	0.023152168586045022	-0.014041631609881401	-0.0013162428250245509	-0.01760078781653294
-0.02100083163809749	0.024959625108228415	-0.0005984902103940897	-0.022324525875944815	-0.015889467444792887
0.012532832019195209	0.04938762076441569	0.017537869832692038	0.0012218579501568974	-0.012102545314857525
-0.051314639126601426	-0.0039045063798516444	-0.038558990792471506	-0.04004676292536045	-0.019710343943197036
0.02058645220601914	0.06618771661209015	0.018829233592505653	-0.062032959101556435	-0.018130279005741125
0.07266323549202149	0.10908070412597894	0.0560067754276869	-0.040722597832795894	-0.011735014948176943
-0.08641249159090143	-0.03151523928037073	-0.06458626736568437	-0.09937096724166175	-0.02039745275856944
0.013829327767705327	0.04845578689171216	0.015729169322288405	-0.0339173331756649	-0.01401125386085674
0.011576791295408674	0.05640386185662738	0.017720856250970012	-0.02416533773966275	-0.010508895263195215
0.016600152475577386	0.0666351980553131	0.0261129933758776	-0.0054201479483147914	-0.004939234115893217
-0.016295582085559483	0.02118882980776899	-0.020646619962900452	-0.07539739374537455	-0.017682146994921457
-0.02148600148467744	0.011846712926959485	-0.01935428971064835	-0.05839004383282209	-0.017686027253687966
0.016306657920023476	0.04451324406885389	0.0009199255935847093	-0.03218236532198654	-0.012459436533857254
0.0018826785779627975	0.02542720288368059	0.001317270769377408	-0.040586647978898424	-0.010284050680917908
0.02207937437735308	0.04838642851729105	0.02270394015402851	-0.021411710384655516	-0.006251502279129288
0.002359956573782389	0.02308068445613044	-0.00487529787409109	-0.038679368581719845	-0.012097318328536479
0.01285123216286477	0.035412710359332675	0.015425692188159281	-0.03236385140811375	-0.005864419111766255
-0.03927026453237538	-0.008592149955129488	-0.049775478255133024	-0.08266406339735523	-0.019705563060378427
-0.07097901107309938	-0.05259940549649466	-0.0799109078022741	-0.10992037732244081	-0.020817000477044045
-0.04155170370755289	-0.025095130436445644	-0.04241598839754664	-0.09846395131186911	-0.019802022421472196
-0.03760293238334722	-0.009192925511414412	-0.03938707083215003	-0.08109527642302691	-0.02013075020048766
-0.06481252013827594	-0.028340810466980556	-0.07115485409075249	-0.10625056783330829	-0.02102638294358581
-0.0689979888781921	-0.0659673136643017	-0.08713709630515006	-0.13436383260225587	-0.021089199366957783
-0.011650784327601754	0.0007278236259319356	-0.022383808483185105	-0.05085821254688047	-0.017133363933494513
-0.028157641096046186	-0.0011667578500475814	-0.017204540528740653	-0.024473741879600008	-0.014718066983761479
-0.039801512113836195	-0.00986157416608697	-0.04356635740295138	-0.0550739747103933	-0.01993005412667266
-0.08327528867477822	-0.06145816808281633	-0.10097138524034953	-0.13226679908760974	-0.021752605777370322
-0.006754118683879162	0.03648134858473338	-0.0025382217283505836	-0.04071003660870603	-0.01564252811357395
-0.009641314024164443	0.03804712031677889	-0.00984253917774647	-0.044972449088264324	-0.01800328259734821
-0.05102174120571435	-0.011069337289059249	-0.05592838197715447	-0.08113443752495571	-0.02086044927477232
-0.0360640502698337	-0.026519272431723768	-0.054215789724811586	-0.07559418451815131	-0.019612420015887706
-0.05649139536012895	-0.022382183770506364	-0.06514428375008662	-0.10576663429414847	-0.020762929365729352
-0.054193936520184324	-0.047275856479789914	-0.0791379841156062	-0.11103701499970284	-0.02114716757113342
-0.038745058890310755	-0.01836866783618998	-0.049591705197577905	-0.07105843861066939	-0.01983473948400025
0.04808352143666931	0.09770610826539866	0.08398587456198672	0.07588337925158432	0.035140909809745116
-0.041551703707552845	-0.02555228863583774	-0.02957301022587283	-0.02673878560841012	-0.012163552073078088
-0.035123344585364806	0.004427931046607729	-0.0056361866302655494	-0.02354007865153834	-0.014656386861763643
-0.01812056452287222	0.038783801475221466	0.031662277082392935	0.01854045656312305	-0.0065502485359618485
-0.09377617069967649	-0.09239502060045454	-0.07262746867617811	-0.08163634778111124	-0.01922807238886983
-0.006791451009316331	-0.006468343757937781	-0.0009515748806868381	-0.048478325137531864	-0.014432097804602587
-0.013643258529704824	0.009215932971170616	0.010343710395923205	0.023814481799829264	-0.008681739487670478
0.03040563196252441	0.048126852444802776	0.05082113149148338	0.004738095771615186	0.0032234751842463677
-0.004213119523995908	0.037179362687216194	0.02001268013476659	0.014648642115104098	-0.008188955041370667
0.0018052341793819567	0.02443229766784597	0.019534365797544733	-0.018225769504735062	-0.009795904027634037
0.008757534617234934	0.04070331391500733	0.023739882815321783	-0.004522019996918145	-0.010043188457788824
0.01522972300831708	0.03702447887710849	0.0319823585873939	-0.006881618310399538	-0.003945357597691536
0.001400416285221512	-0.00885322250845596	-0.00906402240645413	-0.030544935859027313	-0.013837138822149432
0.00669868659551885	0.03173430442784003	0.01826469905104835	-0.006222852278235841	-0.01119290660519218
-0.030718777260533868	-0.021007972253048932	0.0010987671373385074	0.06718949950064092	-0.009011805577193263
0.06797483637073405	0.0889883475353688	0.10310809716837635	0.12548888681330195	0.08538048022721131
-0.026297398791822135	-0.012811147816659145	0.006800151036842805	0.05490746918684483	-0.008895860751794774
0.03653142410305261	0.05387422556092023	0.06857125063272042	0.10311019446860366	0.03432922869557799
0.07362239224989711	0.0794337186251506	0.08178352206380778	0.06484143795569865	0.047947001045175616
0.030179771124765595	0.047947116971061084	0.04711338961188919	0.03397927000446325	0.0021888517404727143
-0.049161889158470036	-0.025259999935418886	-0.05528709798105951	-0.05514835658734852	-0.02066210155713055
-0.0398396932520598	-0.019234371219549847	-0.02169086986759108	-0.022615885762270232	-0.01626950554363624
-0.01972318883177912	-0.005892894380321856	-0.012215746359220184	0.010699211056105929	-0.013531187572900089
-0.07432065953321278	-0.08294857421127352	-0.06750912365526397	-0.04762700693983945	-0.019382499954139237
0.02898198635748999	0.021877631329237587	0.031175108525719704	0.03037947960751185	0.006157666260742838
-0.10641091851384112	-0.10170537040915487	-0.09088294368100575	-0.08436684108233333	-0.021236438773904843
-0.035539072080573456	-0.01201622737613594	-0.014609894756132221	-0.03232816952804593	-0.014835964564114042
-0.07731717538053792	-0.0807764205582843	-0.054602629823249364	-0.051811338304018344	-0.018620597257206693
-0.09389915368594544	-0.0912256511730517	-0.08053097967021972	-0.05300837278317816	-0.019756898631347965
-0.03303308617513105	-0.026839146085438574	-0.031999752419466065	-0.02810689634008737	-0.01618002391468442
-0.005538783173791493	0.005235925370403765	0.005671008573133259	-0.016646556146616254	-0.013659126690581181
-0.033397101621065926	-0.034512952678517665	-0.04607082310806704	-0.02826980961759944	-0.018169670786711355
-0.008155918773379796	0.007846341997115727	0.023176919569281713	0.03749664719671583	0.0068397669330218175
-0.00019051211026874557	0.004302242608776308	0.001258639822362217	-0.00088246318598129	-0.011692550944972919
0.11960151803133079	0.12441562538907565	0.13190112082260583	0.08913749657952226	0.09278635389284232
-0.01231946691104301	0.003706935324323508	0.012482578493143487	0.008432575331945573	-0.012411493032915713
0.023486782614284916	0.023164988181625504	0.025061203519043278	0.018517986800744592	-0.008083792453455693
0.04900749196679651	0.05354565813539199	0.04425981471042184	0.015583587677949226	-0.005085320387371705
0.0273617736171885	0.023032971116317587	0.019214340808933295	-0.009246985643365412	-0.013309322625337204
-0.02938998460706426	-0.04103291152655505	-0.018950041958528847	-0.06508855564404453	-0.01776574510786939
0.04211415798138791	0.040349661339678856	0.038642016080138064	0.023529738560696525	0.0005564327693341551
0.02329250347182948	0.03496140638356594	0.03630858062506597	0.006124058205559821	-0.00927794419311158
-0.019060833642151342	-0.018678244348779502	-0.021876307995808465	-0.03910614859449445	-0.017133178758455766
0.023292503471829443	0.02319427768846371	0.012690018528025067	0.0013716698648460397	-0.014200948853960603
-0.012445930022619024	0.013993870729314196	0.004719031189579401	-0.027813560199118195	-0.01785696906559489
0.041310664999807636	0.041637197038281754	0.04809064645225619	0.004088597171471154	-0.010224003466079958
0.07300618733008982	0.06425479830068187	0.08819179281524764	0.15889852436381538	0.7314847662975892
-0.01872109423453986	-0.024074548467833214	-0.005956529368599177	0.011339287012964688	-0.004057624173456693
-0.017058906638967784	-0.017497029204629026	-0.008678185116589857	-0.003755916281142792	-0.006241401822470252
-0.007034849542635309	-0.05387087903005326	-0.0351204945433764	-0.010297492922621665	-0.004073321966514268
-0.06856906860542712	-0.06611089433427379	-0.05676364130494835	-0.012163394926021002	-0.016958297768451817
-0.008951310603995519	-0.0374668054239372	-0.0051872203821429165	0.09006620298900944	0.0613771910805206
-0.0022256436172762043	-0.03846434864377523	-0.015586088542961202	0.05258142067655857	-0.0070136743215727425
-0.02226259070565812	-0.04169806079835462	-0.02645915085595468	0.03035003398058211	-0.012175083427763819
-0.014739182861957571	-0.041327433657821336	-0.031413766082875084	0.011485687342493668	-0.01554259251198003
-0.024181485365956164	-0.0399437598712046	-0.023061707215046988	0.03313221648439817	-0.012061958313182642
-0.10405026401485085	-0.10789886478657211	-0.08795367329010836	-0.02338864726144048	-0.01955752403394586
0.07232781795084539	0.04019787808453203	0.054975460028083595	0.0810845692867337	0.029955167020053016
-0.08396529209494706	-0.08246955202034176	-0.0873529114698248	-0.03775497305850796	-0.01979282258886526
-0.018504002815441883	-0.04528063468620831	-0.025208755240252897	0.048288084441954864	-0.005428879003581511
-0.08070642405180983	-0.11171204159183923	-0.0830243658287926	-0.01204469195591625	-0.011868037962376413
0.08514948694826661	0.06247468743826928	0.08275342412802737	0.1299980805089094	0.12996130346964285
0.06234424175128671	0.04381030673912493	0.06724497028784483	0.10616798959049942	0.10435177236865488
-0.01824004734256832	-0.03849604535698296	-0.012362201211567057	0.025891726887029353	-0.00663947765349719
-0.02564676509942652	-0.01649366387455145	-0.03436642297195745	0.023001038251448717	-0.018180798123130726
0.03507634528796629	0.03704940353314904	0.039697268695860745	0.07706631879678393	0.008756092906751368
-0.026268918936432416	-0.049394119386513995	-0.0360080340706393	0.03769275456308927	-0.009555782504659945
-0.019329536291047313	-0.024484092137211345	-0.019898920212193968	0.04380339722967781	-0.005808992855849809
-0.019280564829352222	-0.04381219989176475	-0.05134165809414266	0.000749989177092842	-0.013044168803943141
0.0008498040931768878	-0.0357214377858359	-0.016504671941703016	0.03156296922139687	0.004621496224517638
0.010395065563537916	-0.03113106760495552	-0.0013706695970686826	0.049394002913922125	-0.00042416164836091237
0.11405815831289029	0.06799996879754319	0.08483161627616245	0.11004899983370783	0.191079915830657
0.029952800199246433	-0.041482086689104865	-0.005285009124251922	0.015949106323848664	-0.004184839425077212
0.010651764857364458	-0.03922427681624023	-0.0023617564065378537	0.01551851068503502	-0.0009339906152728438
0.07099936810527506	0.03040069957289666	0.033939289475405164	0.04617320860292307	0.029663246988512488
0.012075905411433345	-0.01849565747021446	-0.0057576157468994795	0.008256935583196776	-0.003391953577343087
0.03518181371500236	0.009729843952305379	0.02198613096924081	0.049810598240723244	0.02960142377671201
0.021150694396530854	-0.010557409464950563	-0.007504347804593209	0.02293665546371479	0.001062364643385134
-0.022445689551218027	-0.0703216813932188	-0.04410089562733757	0.008604661607303624	-0.009118424314276577
0.059224063656831756	0.033399411103503314	0.03908005322536778	0.04460348417227662	0.04902126878133599
-0.009840366418774824	-0.044330140147381535	-0.02861014117814847	-0.029502224552809056	-0.012359997538049077
-0.01574825616408164	-0.02971899346977673	-0.02965759869205243	-0.022518763116147863	-0.01831065632757703
-0.0046567356543819665	-0.01827574814096534	-0.004554365606267495	-0.00038423849317739217	-0.006495201047170116
0.06231498077829096	0.0244965152975886	0.035061594753067284	0.05515055777674165	0.015560366539675914
0.04315152462068888	0.012240757731416592	0.022721720641321386	0.045368510113626366	0.01069169391860526
0.008677453526558814	0.025413204442791763	0.025555547284601663	0.026537577787548113	-0.003281117899604624
-0.02174341622059232	-0.02077223580303183	0.0004913061343100344	-0.006447120793765651	-0.010092268260104512
0.028636454748831575	0.030089504461603175	0.04210925909008376	0.053048134584588874	0.010457228651360225
-0.0056844043714795855	-0.003201890740232916	0.0031700755423450747	0.006949403111870766	-0.011939136760208793
-0.025366715217217454	-0.019329104494232693	-0.009612198006419012	-0.00902368375138254	-0.009410925122074977
-0.02851493559829529	-0.025861055382899074	-0.015758404617118107	-0.02823699217320338	-0.01558477033557871
-0.00887310553187464	0.002577703160578341	0.009783296597250801	0.013189889073538446	-0.008075198648248304
0.0038074430339685764	0.012636226991731631	0.015286203860829383	0.018757949564755905	-0.0052990460502768556
-0.023910156241988445	0.011683138384886155	0.02101069931577404	0.02529100774915907	-0.0052805453804963915
-0.03413385535437942	-0.03374638279439139	-0.024604297593150973	-0.05484021016552976	-0.017011602928469868
-0.0630113972127576	-0.05803401811196274	-0.04312293933476233	-0.034669738796425605	-0.018138805474570793
0.11788150069405624	0.1371483879722682	0.13272762506151867	0.10584556327674885	0.13361583386391995
0.05025121573103396	0.06575635557640233	0.07900787923185086	0.07859680411705593	0.021834896471975763
-0.10772107969184863	-0.11462281931094309	-0.08409685104462644	-0.10465872544648365	-0.020990206474652037
0.01103415802256203	0.011235748649981689	0.010190085790984961	0.0056416250796859	-0.011832551691314343
0.030297022035905827	0.0405409982093391	0.03774841820389363	0.02131339015491091	-0.005681945945173602
0.03580219157696317	0.03969643106746302	0.034161834984051224	0.01982841656103848	-0.0018370051087792999
-0.06422589156321919	-0.03934024364063984	-0.03535095303404984	-0.06298694986982437	-0.01984090076256226
-0.01908519665197564	-0.0013434509285958959	-0.018365442772339084	-0.03175976005677038	-0.019096143590808426
-0.041591360287105236	-0.03356805861549421	-0.032980514856076996	-0.03090286589046699	-0.019691582344952878
-0.023479318513622657	-2.3107214456141062e-5	-0.01580691173910306	-0.0011309243445109254	-0.01799492446946286
-0.05466543324953492	-0.03855315049369702	-0.045791779197475645	-0.04185503234928146	-0.020029206942875508
-0.08527473880359877	-0.06811979754280202	-0.09248164074599748	-0.053240421657760925	-0.02185746535158552
-0.049678923490167684	-0.04642792641437464	-0.04733768432416995	-0.029687394001993914	-0.019460845829624474
-0.04483700568618627	-0.05077966681577324	-0.041829093881509134	-0.013106337837304255	-0.018671133208690724
-0.02932910116508691	-0.006279098798138638	0.00472723500405396	0.03517245207400178	-0.014178736266357949
0.0035096020528064716	0.031252785168229436	0.033118685385372486	0.04507631121055747	-0.009058898956366006
-0.0019389669877324022	0.04354381394215606	0.042399868553743385	0.05113965023502789	-0.0066431306519888775
0.02527413122538327	0.03902384814443834	0.04327989458808744	0.030735564256177815	0.0004619345802416649
-0.0027872657129794664	0.009305586580687825	0.019885124132355252	0.06982551136730603	-0.0035025535777595063
0.06366246763014512	0.07103265017310392	0.07854449564229143	0.0701683711112851	0.03007415039949641
0.012618771320444198	-0.007858104364327805	-0.008797588959275909	0.013336150335963802	-0.012765539289956487
-0.028098359850356264	-0.024060322870696683	-0.0217001244102966	-0.016549265320866813	-0.016771043719040552
0.035272023902993645	0.04336982325986542	0.04176120142742504	0.026619811250548214	-0.0039539514028989284
-0.07165869751502414	-0.05976521753821058	-0.04993464404880597	-0.018065841306664738	-0.01918834392601097
-0.03938358994888032	-0.022304323925715703	-0.011292472573178483	0.002045935381391288	-0.012106913762362559
0.013529650635265428	-0.0017380325962272926	-0.00046316538611371324	0.009630565619501994	-0.010463872477637571
-0.021950386131407373	-0.010136589943581542	-0.008268826411007473	-0.03685814206287187	-0.01775523221589678
-0.039194868460034483	-0.03774710103522895	-0.029400048276107153	-0.00031941975136447	-0.01570037006204135
-0.019822128524795615	-0.0006226766737245621	0.015023394606982241	0.01610404483274352	-0.01018029373988799
-0.011485115686962795	-0.004803429183714708	-0.016410852513084908	0.0020212558526212458	-0.015438540974297553
0.11164950646476206	0.13384573081580925	0.136763931233907	0.16167329165945601	0.18153686128939947
-0.0649439002668629	-0.06055005951343145	-0.05739255781708586	-0.0020763259241307363	-0.01873211471576964
-0.0018885612151630083	0.008894761908910412	0.018721696725563598	0.01930535639314788	-0.00274830197674617
-0.016872696370332525	-0.017414018782495495	-0.0008726252582317574	0.021857140341346653	-0.005443718257823076
-0.005357400049598498	0.005484932993554736	0.008292728885188406	0.010653082691098636	-0.009589560115137195
-0.0893300985780223	-0.12229939106726227	-0.09251877290697319	-0.0453397041354592	-0.020201369226628733
-0.013816868072711673	-0.002300663269942704	0.015205405798590673	0.06362361333082865	-0.0030141544130591557
-0.04621948749475318	-0.04893812428736156	-0.042717435862502234	-0.007947987336405645	-0.010285624668747276
0.005840217526654633	0.015465282049622728	0.03137905581841537	0.06075177949230677	0.01475045300542408
0.0008023018595516582	0.013708905058233826	0.017800550603309637	0.029794809731064343	-0.0061546220656747246
-0.08154693412218532	-0.08039149595056988	-0.07340463457084842	-0.04089575041058133	-0.018925260698232006
-0.05524832214076553	-0.04018592373364342	-0.039855435462199974	0.02658288561516134	-0.004753023780336721
-0.02166604102675644	-0.024098266859448905	-0.01705106027762557	0.029560867891436467	-0.009180104436274409
0.0034348406894637038	0.015231650319121576	0.014826972419247186	0.030426425225924997	0.0034036336628546745
-0.07836083751801048	-0.08065766399239037	-0.08109558308244694	-0.061331885143037154	-0.01987822194991739
-0.09897041342818774	-0.11034520907216892	-0.09927100466111077	-0.051946631671723	-0.019387146164202396
0.01349355834421304	0.006527577656521528	0.016016647183506084	0.02650625575509036	-0.0013633105255650597
-0.02401849666481954	-0.030722727867219028	-0.021214673119084045	0.001044495660727072	-0.010517867835527325
0.05503362310273555	0.08801962413285583	0.08555314642263463	0.08441255433026856	0.011240746325543114
-0.02525516906624218	-0.011520265183354434	-0.0019705793469794934	-0.018551659283840595	-0.016551291450328843
0.00554094730321588	0.028191802005635414	0.023571485273452684	0.0299197666854536	-0.012741618041769008
-0.0099002498298687	0.014802254498606972	0.023282040470521636	0.016743482603874423	-0.011710235161173447
-0.03878237613197847	-0.017559378244688558	-0.021481075937082594	-0.027100191638252908	-0.018125304530836554
-0.014056651913093994	0.011440240065296862	0.014240147538229804	-0.002819180838901745	-0.014289083755357885
-0.044497756527442894	-0.028527213935337258	-0.036127416724558735	-0.03096813070076977	-0.01942641168946439
-0.072194346583187	-0.07479112291906052	-0.061170028146572276	-0.06985302981241545	-0.02063710292689944
0.011059538668461058	0.020523177609794385	0.02655928014629762	0.03624624401536382	-0.007637226013418174
-0.04643928840494842	-0.04748062125924156	-0.029321364335802	-0.01407981747204848	-0.017425671149206942
-0.015319510549853964	-0.02757157677566926	-0.01431853184516393	-0.038261861213761336	-0.012150025878202204
-0.07456307522924756	-0.060431539232214865	-0.05688527303493906	-0.04310176571689548	-0.019690311370823287
0.052409878699771366	0.06730421487487208	0.06606574657876059	0.04893451317469027	0.007506902095350977
-0.04378502206314278	-0.046160803505023766	-0.035383968157754936	-0.04370969462959352	-0.01910830622403534
-0.03885710120338142	-0.032214330730684165	-0.032801079163331484	-0.01737356256349639	-0.0175559249548724
0.03337089887858867	0.03711166047583012	0.036521992308615386	0.019251602705583983	-0.00567140780205934
-0.04539365692552577	-0.053278024689503836	-0.04606564053693875	-0.04676405511558545	-0.019317537183727224
-0.06390317827194476	-0.05860123305358858	-0.05794429088140921	-0.040363586401669496	-0.019010853651370098
0.009169089046036475	-0.004874247226923378	0.0024095757978897228	-0.019276080210985206	-0.009715209795975574
0.07409136187282955	0.0747906599345537	0.07531518178825367	0.04592377457173217	0.028084444608138963
0.015610663244591958	0.010621886205678591	0.01517257850114101	-0.007828088555007611	-0.01256042426635316
0.057092155871807077	0.057009453788952266	0.048049655989173455	0.02145694874727678	0.005301181204245664
0.0672928828539127	0.07085991295387332	0.07451586253542108	0.03859770770907837	0.018425866093843724
0.017535815708303596	0.013876989727004432	0.017236911934578415	-0.014744763035293696	-0.010360595308298954
0.016891793519028038	0.010102882677613449	0.0160776598142369	0.004461160479106348	-0.010535821397238755
0.02613336333802969	0.022111982726961004	0.028572559337099807	0.011891974981286973	-0.0074403849472280395
0.008449800048602305	0.043023683889234304	0.04904023190082613	0.059029414171020755	0.01747828333532928
-0.016919178592727773	-0.008256519678228718	-0.008220173766833181	-0.017329789127326817	-0.014846435370850574
0.054984641252523093	0.06483874211664198	0.058451897576427624	0.05161039323711074	0.00651141792113106
-0.06263441484130823	-0.06142796411421295	-0.05852960026256961	-0.05674007055970829	-0.020258941829585226
-0.016826260887233647	0.00046816826939605975	-0.003848271955650531	-0.009414130659470334	-0.015968941204605052
0.020710148933684402	0.03128544679077065	0.024209564389302784	0.013947521546421706	-0.00834820557469476
0.09663263342277861	0.1144756923235577	0.1197636774733913	0.07943414316811523	0.04435201284290353
0.031035520835648665	0.05181903460457812	0.05941176865754771	0.025817575807900506	-0.0025237014888381307
0.04186090229808212	0.04734887985091934	0.04851809330013711	0.04370104057582121	-0.0007433865810696627
-0.012509291684583956	-0.006768628305711076	0.004331531493433213	0.007792557634146733	-0.014108487590294368
0.019245983772905283	0.033300974795151116	0.03823145433605149	0.01762929184538696	-0.000643316306720291
0.03675742228171565	0.05513159897334649	0.04850563437556635	0.030419989124773082	-0.007039405234911622
0.04774654325983413	0.03243502558537008	0.03870459975993312	0.033068953956194344	0.0006360243678073325
0.025423099367628578	0.012726695799108997	0.022741291373898197	0.009197673459989935	-0.0076456851458701095
-0.019378559739441803	-0.016245959693917417	-0.017522891839180387	-0.025750811520826537	-0.013543122945852182
0.005210934423513115	0.0005779662415754494	0.000792036573748113	-0.0033172075127411555	-0.013164078058580305
0.019000939494359468	0.03801183073711832	0.04173935363680175	0.04473814649075548	-0.005941182582374913
-0.03578331941107751	-0.032069265353468886	-0.024947410927988245	-0.04218382973707455	-0.01830870357262295
0.02702181795682533	0.009443385514452965	-0.007390836252998294	-0.014147856182735397	-0.014685291001902908
-0.020245003243142618	-0.02361194131182586	-0.020032720249225977	-0.042288651077267696	-0.017527466918235573
0.02302892337367361	-0.01998424430553692	-0.018808164299932397	-0.013045347154670093	-0.01763822684254909
0.004118122330064499	0.005605057738372815	0.013736436503157251	-0.00743876004138049	-0.010464545841414838
-0.06540669667891295	-0.04336251894891425	-0.03103653787940515	-0.06147698656018477	-0.020747770263693587
-0.05185649166264151	-0.04478151569221752	-0.044090956632543275	-0.026561909219812555	-0.01921624643753155
0.050592029706342245	0.05452977467604158	0.05676170317034033	0.035105335397655694	0.007204629095734952
0.06478583320667224	0.06281114292406301	0.06306926263959622	0.05722797075381179	0.02485681001455593
-0.003303826849022332	0.0007537146170907457	0.0011228143842256881	0.0005493043635340555	-0.004957398103785044
0.07512311137676005	0.0668953898528459	0.07234429574359204	0.07025499775527287	0.04198543376245593
0.006614951152720104	-0.017605150696864913	-0.015526535601750406	-0.013300254634826906	-0.01487690508177199
0.04511033477187335	0.024319716525769967	0.03455645690197063	0.03888943409475882	0.0016210461523379262
-0.025032881830547766	-0.04390404121466582	-0.04738385285849961	-0.03439398388000817	-0.019207029770830178
-0.014451731087462704	-0.04935464405968771	-0.030863737380761938	-0.04860553765552441	-0.01708379594244031
0.009274703921232495	-0.023461814832427395	-0.014456714956500954	-0.017279199792562823	-0.015467369361011875
0.008810844965493884	-0.0014155064209158568	-0.01984896686158733	-0.010021913849020897	-0.01762728468116847
0.021919200502313895	-0.010215446546134573	-0.004361289137683989	-0.0008293906043953084	-0.013025920645579156
0.016925326196806	-0.010557409464950606	-0.006434488606306088	-0.026981424901930066	-0.014076048290324439
0.02539520442020788	-0.017630135289725915	0.001358520736298415	0.011079499230523376	-0.0030670134695747575
0.06186960484783832	0.03406982511110928	0.03923532979387104	0.031914748659655344	0.001857152743790054
-0.037639337654488285	-0.05151606071865201	-0.0602534306795313	-0.045032967008300624	-0.019608615510546136
-0.0613386962229339	-0.07767965229851902	-0.08052558359347099	-0.07513503394942567	-0.0208166048758249
0.035638564114886404	-0.005915916313757068	-0.017656688665897303	-0.0017128500203802027	-0.012362741495441443
0.005412092543919129	-0.02814480767773451	-0.009701729487454165	-0.01924278189978178	-0.014758258384217212
0.037321218070806766	-0.0020413651677551217	0.002750590315012308	0.03535642702448121	-0.0030119491466885895
0.0542286672895085	0.023355061790029073	0.028952996315632265	0.007992455905876798	0.0012328519347424042
-0.00970093970585111	-0.02620144680263446	-0.023759200415036402	-0.03857024839981475	-0.01672934566713317
-0.019207204871032574	-0.03645238701046699	-0.029726477269533633	-0.04531624005331812	-0.0177220774669135
0.02218917253229986	0.009036138523516946	-0.0009760464576523092	0.001030136025140461	-0.011422995007884967
0.07484661164757374	0.07729031308866983	0.0782348526644146	0.06043705276517188	0.03987730011677129
0.020812977041302378	0.03918854093464138	0.051477139114184105	0.018635715728357694	-0.009722844057800361
0.051111906159773485	0.029230002474568032	0.026674002937418756	0.019147586466539336	-0.008003645329866265
0.0020988344980909118	-0.011763925837480633	-0.009798615520197066	-0.012621200803029217	-0.016848648894370793
0.043378919831327155	0.06193257614381086	0.06978951283157374	0.03650648174833532	-0.0028760054171052232
0.036946120043135536	0.03401687710599299	0.0364850504690724	0.013308147339305925	-0.009028799595522089
-0.047962339013106536	-0.06840857218422142	-0.06647891488039684	-0.05960807503249552	-0.020449276518277496
-0.012172362992180503	-0.03513721804322389	-0.01629567431730052	-0.05233870882360466	-0.01661929277478579
0.03634835843855534	0.006568524379155125	0.018840082226974714	0.028297668115638604	-0.00147037536615082
0.0014785419747241025	-0.00885322250845596	-0.0022474253716824864	0.0004358923942070264	-0.015465425023105016
0.01168956322947446	0.003671693924198435	0.007693400431150459	0.00651465408480912	-0.013269122807834249
0.053292654464557984	0.05028532162634978	0.06212329283673655	0.06356381474803957	0.029396182497400433
0.04839545441547745	0.015381815319580156	0.024078370936424436	0.016156750125840058	-0.0011797431428343416
0.029222329344867567	-0.005958699680431387	0.00375155121670112	0.002043834435985313	-0.006769369526132367
-0.039119595282731526	-0.0675358555618832	-0.06191204701380921	-0.05363228750080099	-0.019295223591557973
-0.012933939127829915	-0.04396772335408349	-0.03785173309763517	-0.048380928360295214	-0.017553938531729457
0.03986490951285206	0.008559213066972382	0.017989588376032536	-0.0047945949422177545	-0.006733689662984329
0.014540716685904889	-0.0010920771967742452	-0.0008096268712964842	-0.007360716703005002	-0.010841057197474746
0.016498769154833524	-0.004703811293224193	0.0028397284547073505	-0.006586188920802648	-0.008165016959088755
-0.002158030012151183	-0.01224365302257478	-0.01577290617116072	-0.014232602602424859	-0.01357110962784492
0.009314247309449294	-0.016039807265038064	-0.0039151306643647925	-0.023671826895140694	-0.011892657825482806
0.025124680984750073	-0.008391191154091523	0.004069331561575666	-0.006382443131417935	-0.012110246913060035
0.004294719425008384	-0.030961879727811475	-0.025055529476500166	-0.04088297958148302	-0.016578444844647214
0.0034198738819916624	-0.016726247637304358	0.0023384239654222067	-0.0021607582977783983	-0.01370170011539901
-0.0038787985374714074	-0.021280684558979895	-0.010751737206915902	-0.003918654477413037	-0.015437505677490002
-0.0408046277324941	-0.0741237473037418	-0.07600386652899105	-0.07883230246121029	-0.020414699288314738
0.05446717051326195	0.028249685696636613	0.035579136788617426	0.024896056922219655	-0.0003401595171466168
0.10595328958245455	0.0382042611973958	0.040472822387481774	0.06732727477515683	0.09400980537385659
0.051731284944608956	-0.009907898628103252	0.0007703691374024142	0.03365983943225442	0.0029244511648556966
-0.009324604105231933	-0.06206613919585509	-0.06070890420394516	-0.04598762127962454	-0.01860653237130899
0.08638002214798123	0.029079063497025517	0.03159932106655744	0.0407198500257791	0.021722907658768737
0.09080921261706368	0.05935435660816802	0.05875675800426063	0.06826918444575165	0.04435252628278371
0.10603286143927565	0.05869995794668156	0.06711789928778993	0.06160597598642402	0.05477542318656246
0.021496081588959996	-0.027398861956578358	-0.02543368905970166	-0.03286673178807529	-0.012636228193579211
0.03907630772786801	0.04404652849425958	0.020664310431358114	0.030723451784753608	0.005321853472207823
0.020946312190601373	0.020557927503315757	0.010588211005982394	0.030315292140421623	-0.013654547816895755
0.03509896595168129	0.04115524936065217	0.04094341387409469	0.029127453547637804	-0.004614117250133356
0.11341273344713222	0.07562818344701702	0.0899693560227995	0.12943943025017124	0.11397801258754676
-0.004390054928377764	-0.004697391192223511	-0.020139537935602827	-0.008726306134163267	-0.017504631469138943
-0.01238265517729957	-0.022003196662469412	-0.04169432837808141	-0.027312160443461207	-0.019675749879139847
-0.011423142851827894	-0.00800542008011538	-0.02401940171314566	-0.03904464850674935	-0.018391190635338395
0.018915400995161976	0.013205685089149571	0.015414025626527423	0.007650659844883153	-0.010433217591677407
0.070251920387056	0.04610957542443954	0.04890085967705993	0.04281111948236324	0.027287880510771512
0.05727439979949652	0.03539410699283262	0.03726930432611904	0.00971028919218057	-0.002231604699306093
0.057073423457372825	0.0009746761639301368	0.020923199793430967	0.014166311049069407	0.009347373639571195
0.14727905075754635	0.09342999055973017	0.10017150194199205	0.07807373666881282	0.08312721985343081
0.015965676178497427	0.004657093458783241	-0.002372318838888078	-0.02059949758838375	-0.014404952827331435
0.06255687105182615	0.01498611939599564	0.019660744564393862	0.0034427587275980484	-0.003142101947787454
-0.0076014834498366315	-0.03230381290158982	-0.014809733713088764	-0.037692326242081506	-0.013329927556921632
0.07734696357360316	0.03576911784147528	0.037741454634064475	0.037553667345421274	0.006593265288258096
0.04836152757370356	-0.018618723693125578	-0.0017363512828137936	0.0004496239861994404	-0.0035316849781736005
-0.008484054502511697	-0.06398900931735765	-0.03601430981061996	-0.04267615114625096	-0.011116925919974598
-0.0004990842437560551	-0.004780917340753256	-0.03376564478609338	-0.037816995319347006	-0.017617739749625685
0.049241174818466626	0.0044252601353661925	0.012362703855441195	-0.005777489159320048	-0.007170685920337416
-0.1368334129060352	-0.1691581759688252	-0.12479753183668398	-0.05394186958549222	-0.021910029811448576
0.006656837853143514	0.010350026802954451	0.005707174418259768	0.03335170420240655	-0.011136428218373753
-0.008951310603995559	-0.019389483571368604	-0.015001508287021577	0.01901725078836109	-0.013370455639266001
-0.025956794292276774	0.005787300323133066	0.0049790969000044856	0.0012912904111981075	-0.013596588029767336
-0.007906555304476936	-0.006758589500014126	-0.02252436380230581	-0.037684412286320974	-0.016360199227387146
0.0007230227258304575	-0.00852622898115774	-0.010461416988081847	-0.02776917411087378	-0.012262427126722807
-0.011381873783799118	-0.025230865499953938	-0.02337397858963671	-0.03827937841608424	-0.0147026385362148
0.001243767274597304	0.010454218498802638	-0.011403848439622253	-0.006869730057901383	-0.013152428865233549
-0.0331981921216532	-0.046472586984969776	-0.040997541371016924	-0.03796594821541361	-0.017256530585404214
-0.011464448833160338	-0.0014696167621076866	-0.005569388254905116	-0.011512350289926214	-0.011133835767831265
-0.004478777499473877	0.020625427182722412	0.02039999927638569	0.00794564676423555	-0.007498201644553793
-0.02553454126764665	-0.007486623170686417	-0.00022329303091688023	-0.006573320528476566	-0.010565752417138356
-0.03574834774408945	-0.02167224551895321	-0.01443248152814723	-0.02359010665369651	-0.013240656354150209
0.023087626878253345	0.021920835126639292	0.01807698776332319	0.0023558918804647824	-0.008167592575536807
0.06109044513189418	0.06610683231813927	0.05784998533364608	0.03833793443571658	0.007822272020434862
0.046255230330482885	0.0356795440444266	0.03540090190314433	0.007860917625689523	4.316123011092459e-5
0.06662356715579909	0.03916997392688677	0.03653271192002941	0.018277457189805637	0.003800270178807709
-0.010060319605560456	0.0028872300924784886	0.011412612043098357	0.0067635924353336	-0.01032707020923818
-0.04475195946684423	-0.039121422138949036	-0.03499067440958503	-0.029431185554807768	-0.01569902333448681
-0.04670443794131342	-0.05050429206658718	-0.03589312716298648	-0.014690377702639625	-0.016195688039553135
0.02963145790392629	0.03386212205744493	0.03490774119008365	0.039186963500243886	0.010220086763100562
0.032788127464673106	0.030539787747325835	0.0237924323075396	0.008329035552961633	-0.0066268099974373254
0.007018273227750107	3.528618231156954e-5	0.0021215325952395835	-0.0034874504625692537	-0.010687656511965671
-0.03267191766192718	-0.03560164954993633	-0.02674681061329154	-0.008752118193815122	-0.017087886627387215
0.05580553420116022	0.026965476084938694	0.020173010373061864	0.012372916111075981	-0.0030231774876745576
0.06309859125623063	0.09658941041117393	0.11465468932056518	0.10929214232710335	0.19787409742396964
0.05411394649462817	0.0907443032678315	0.11477442850912901	0.11400939433987069	0.2673092995423238
0.005996207518229079	0.029488613222897184	0.03959514689746837	0.03046968875673031	0.01902610256490122
0.016498769154833566	0.02276603312856166	0.03056939432910843	-0.005869432791601285	-0.00156377092205801
-0.002429080439893091	0.012062450506419284	0.013875050203683853	-0.0074331075583223705	-0.008346151815174093
-0.029450948423245808	-0.019644748266976778	-0.01430535088361795	-0.05624414950232345	-0.01250167327678645
-0.0013211081563080087	0.01292064720638371	0.01736312379825214	-0.02968975531783061	-0.008558008893597322
-0.00926546204713672	0.006703919656774488	0.011785429191976147	0.011437373155224176	-0.014938703042430845
0.03711962087609135	0.058160023096096095	0.08007760849718719	0.07900015348956144	0.04032288176228456
-0.021614529494309115	-0.020634869337608646	-0.006519647984288518	-0.020898309458427067	-0.015217610318975625
0.05567053281524527	0.0663160902697689	0.07071178078975636	0.05199769036632212	0.02124267302986777
0.014186392052130065	0.033227766829480344	0.055949205895436956	0.042009546832444504	0.002266726261313864
0.009301069941960607	0.026270288124596034	0.03581508126296996	0.039385569488909124	0.002590605821132987
0.05022405896221204	0.07411490885015112	0.09993079642760946	0.08917557247681776	0.054403701130368375
0.014162673467093616	0.022255794442454516	0.03566762221162004	-5.6411971757973533e-5	0.006486865394402396
0.058229836147819694	0.08883836225354257	0.10355745763268628	0.08481105620755047	0.03866018667231055
-0.007411831914084684	-0.007933420575955226	0.017089422578463884	0.003846081963518768	-0.008655065865043415
0.07408164009095076	0.09576277294061823	0.09858905717088562	0.09009393190951644	0.0638885265389866
0.14178848275575773	0.10398879538098986	0.117704940565522	0.08774339601511791	0.14933854138126015
0.0996242134344922	0.06947035067229038	0.08071215471243322	0.06471277262662616	0.045235785966474554
0.10794151265189207	0.08180127524223699	0.09342054520994335	0.06896357684587726	0.03886733862134008
0.11805816486803049	0.04223437228343425	0.0569779948394978	0.057630089669717534	0.028502308917170375
0.04358011316380764	-0.017592663114508657	-0.006150379649251655	0.001393902258509457	-0.01211530555843677
0.019235356668025626	-0.017397433342692673	-0.017576082264251978	-0.012624065383012856	-0.017069596383787147
0.03273261778367745	0.03111724332754801	0.03626712911916561	0.01887945979336182	0.0022649334302568816
0.07633647157461021	0.08749476895267469	0.08984729086641803	0.05001207409597303	0.01685791328733142
0.01208831440896893	0.02897003738255016	0.028546981127576077	0.0002257508930474414	-0.005636527558396814
-0.03128657233201657	-0.024117249735729197	-0.014148780639055034	-0.02471335752619289	-0.01323052222930231
-0.01392570640744389	-0.026479432765967304	-0.009434437371743898	-0.014227930084209316	-0.009543594620291376
-0.03154118405377119	-0.03941124585410358	-0.026879245636545382	-0.03782334715098629	-0.011073233027877065
0.045177047098736794	0.06358609739384968	0.06323187782920231	0.007191324188388632	0.0036597728266805516
0.038470635774339255	0.07006118903500881	0.05767366903376279	0.0037464669501670466	0.0011531677487498445
0.047861048857927274	0.09123745921325935	0.06858931186404273	0.03350463000493298	0.005503678526164844
-0.006271524989227009	0.011417044783874836	-0.009019250064595549	-0.026971708991459356	-0.015473698980518206
-0.07969948440724355	-0.06950965101275892	-0.0748661060229472	-0.08196871420853591	-0.02065953435772971
0.012606504064680465	0.013268308489403951	0.011936948154349324	-0.0352040791651491	-0.012302879455642244
-0.07654962168805889	-0.0445947360590365	-0.07339999793733729	-0.0741852236285803	-0.02131917834803676
-0.015477006726071156	-0.004454040592889406	-0.004077040901117524	-0.03716207698478802	-0.015814345298391326
-0.004089666867562848	-0.008063781977273901	0.005113822361112343	-0.05682543561416428	-0.01528943298286857
0.021687972864948137	0.02172706371922425	0.030027803797816912	0.017301585551908843	-0.0035918331975781383
0.03646560403387576	0.044616761627323795	0.04061756611536637	0.002941536828499136	-0.004410264783612412
0.004485273922540982	0.007473472403903025	-0.0014113831886999506	-0.02655895871791302	-0.010196807986525511
-0.007053625751087004	-0.01806101000853916	-0.02292798162172425	-0.04814693597536137	-0.016332801738699516
0.01581713192258002	-0.02293528387556053	-0.020430916430880092	-0.03395982528661719	-0.014958491520435338
0.07165641640126044	0.044979152481600074	0.056416184239136635	0.04178327605721556	0.02555406137182345
0.0704872379005634	0.047761150360540176	0.05474740328430199	0.03867423964719265	0.02705119314306149
-0.003217331067880864	-0.030776979480125057	-0.024472114214437155	-0.040008038709975026	-0.014956648187095061
0.01256968273325398	0.0041332658731557306	-0.001018736872344455	-0.0012930680877478173	-0.012611305316773043
-0.018383835992365264	-0.031060047632319173	0.0004919473521202319	-0.009352673465036496	-0.0181211380924647
0.025617893623526906	0.013555807373356972	0.006252303647758252	-0.034590226511684724	-0.00710020156695179
-0.047105038772917385	-0.046959002930379246	-0.06050292469131296	-0.053663246079046024	-0.020424530399462865
-0.059431634680575184	-0.0631691860620329	-0.0753146894397869	-0.08528251909532894	-0.019518889787225054
-0.0127211273039778	-0.00987938615123199	-0.0369482187484969	-0.05395778758413379	-0.01868905310221329
0.04221119538639469	0.04262564808589661	0.03284880444020407	0.014915244814147237	0.0027995337671250964
-0.07596133240693162	-0.05809986019571838	-0.09731013900251285	-0.07493973649323031	-0.021386438972338707
0.021748404826528504	0.028309152874599775	0.0015259820891856924	0.009900463547810032	-0.010005092902089832
-0.03767577164773971	-0.04086634462687011	-0.051576103814433685	-0.04362178625609898	-0.01907829103366358
-0.032835735088239476	-0.05011009652251597	-0.06021022609540519	-0.05605766785092782	-0.01878077366572453
-0.037096249262250615	-0.062260226117969275	-0.06950883426501707	-0.08332663214221328	-0.020816747965627568
-0.0588514752405399	-0.07046637001895296	-0.07760560226005138	-0.07118506384014474	-0.020321152225557658
0.05971326403717783	0.04590616003216386	0.04543685835321251	-0.002336576891220893	-0.0014693400693432676
0.021293225633290502	0.01878592664138728	0.02027622748322417	-0.00010035521401665658	-0.009936148868344721
-0.019231645244215275	-0.007834164059611	-0.01750172656671947	-0.04430045910202041	-0.018126036813944334
-0.025422589493907657	-0.015506187305252331	-0.041747873048084	-0.029940245900743727	-0.01940033567718965
-0.017128929524333657	-0.012161510479641669	-0.02523535787511544	-0.041347179352961436	-0.016957043628416654
-0.04045492412073024	-0.032533849940052165	-0.04758325302781026	-0.048527581918633406	-0.019380000091116126
0.055160733302118535	0.05547088626309346	0.04536561563025069	0.011356278847542558	0.004638279816666062
