133
9
-8
111
37
220
7
153
-149
78
-289
-203
113
-438
-193
97
139
2
-103
48
-44
-162
74
119
-152
100
-8
28
483
-205
-233
39
-95
-94
16
11
-358
8
67
-53
-103
75
160
-142
-241
-62
-94
195
-130
7
11
369
197
-164
126
-46
100
108
11
166
6
-162
-61
63
153
120
-151
-202
-96
-65
-58
-2
-85
-200
-386
-133
-367
-144
102
149
-13
-79
76
-145
157
-113
-33
-131
-158
-98
-248
-227
-31
169
23
-69
-102
-151
-366
-169
101
-26
-1
22
-15
206
19
10
-227
-367
25
-507
-321
1
-216
-18
-86
21
112
-87
208
107
36
169
108
73
127
-113
-79
335
-198
401
22
-297
349
-117
148
44
35
-154
-5
71
-18
368
257
-51
-170
-36
33
-84
-122
42
-27
503
73
213
174
8
-71
-273
-52
147
59
-167
-202
137
11
-50
-134
-62
40
10
-161
80
190
100
102
55
122
431
65
-104
-53
39
191
-149
-122
-216
178
-130
-246
-265
-414
34
-336
83
53
-112
65
372
-170
116
-8
-36
-233
-25
107
86
-3
-2
139
436
-139
-63
-28
-119
-251
-195
-300
-94
-56
39
-130
129
142
33
26
1
199
-111
289
-98
0
282
-105
266
257
221
-62
68
141
-51
134
-50
452
108
-130
55
-301
23
-106
329
-130
85
-107
102
-147
137
-47
-245
-148
-17
-182
-11
130
180
-1
-109
-58
-162
98
82
161
59
22
217
-73
-28
-5
-109
410
-172
356
-154
-22
283
129
-40
-2
-42
233
112
-283
5
54
-125
-37
511
117
-213
77
-106
111
-234
-247
-2
118
159
-130
-109
159
-175
70
60
123
68
274
-88
-29
-131
-340
545
-38
-38
5
-27
-88
-196
234
-290
7
-106
110
6
4
247
-20
-211
-113
266
-211
-119
-117
13
59
17
-198
50
-187
18
176
-75
6
103
-68
158
19
0
379
-329
-86
170
59
69
-28
76
34
93
-47
175
-115
142
-2
172
-89
216
167
24
-401
-177
-234
-210
-100
-299
139
29
-163
-416
-296
-184
116
120
213
-129
50
-144
-119
-202
99
-268
614
322
29
-179
-124
75
73
-292
-62
185
336
92
-115
70
94
-251
319
165
36
-476
-484
-62
97
-51
13
-91
138
-75
-191
-177
-302
53
-21
180
174
118
136
257
-41
60
-20
265
-16
-7
-69
-41
-305
31
15
-36
380
129
3
-92
351
38
-170
150
115
-128
-290
195
157
7
113
-137
-96
122
-30
378
88
-63
-209
-87
-225
-52
12
-83
-260
89
-22
-219
9
109
129
-121
-90
232
86
-99
60
225
418
113
-86
-355
-271
-113
-153
-159
