
reading instance and constructing model...
took 0.002042268 seconds
building model...
took 0.002299619 seconds

solving model...

 iter        p_obj        d_obj   abs_gap   rel_gap    x_feas    y_feas    z_feas       tau       kap        mu     gamma     alpha
    0   1.9364e+03  -9.4050e+03  1.86e+02       NaN  3.97e+05  0.00e+00  2.24e-01  1.00e+00  1.00e+00  1.00e+00
aff_alpha = 0.5929071497568592
alpha = 0.7699661414905747
    1   3.6232e+03  -7.6473e+03  5.24e+01       NaN  3.94e+05  0.00e+00  2.23e-01  2.84e-01  9.97e-01  2.82e-01  6.75e-02  7.70e-01
aff_alpha = 0.6689048613938233
alpha = 0.8862962332289577
    2   1.1698e+03  -9.2663e+03  7.65e+00       NaN  3.66e+05  0.00e+00  2.07e-01  4.46e-02  9.75e-01  4.11e-02  3.63e-02  8.86e-01
aff_alpha = 0.5929071497568592
alpha = 0.629760648840112
    3   1.8565e+03  -6.8299e+03  3.16e+00       NaN  3.05e+05  0.00e+00  1.73e-01  2.21e-02  8.26e-01  1.70e-02  6.75e-02  6.30e-01
aff_alpha = 0.6756614761553771
alpha = 0.7470973771221632
    4   5.0801e+03  -7.2843e+01  8.78e-01       NaN  1.82e+05  0.00e+00  1.03e-01  1.03e-02  5.46e-01  4.73e-03  3.41e-02  7.47e-01
aff_alpha = 0.20227979712606403
alpha = 0.26801991224518223
    5   5.2342e+03  -1.7370e+01  6.90e-01       NaN  1.86e+05  0.00e+00  1.05e-01  7.92e-03  5.23e-01  3.71e-03  1.99e-01  2.68e-01
aff_alpha = 0.27346180210711385
alpha = 0.49978704619620895
    6   8.5269e+03   4.4530e+03  4.08e-01  9.16e-05  1.45e+05  0.00e+00  8.18e-02  6.02e-03  3.79e-01  2.19e-03  1.82e-01  5.00e-01
aff_alpha = 0.3276899851620597
alpha = 0.5255439278768095
    7   1.0753e+04   6.9612e+03  2.30e-01  3.30e-05  1.36e+05  0.00e+00  7.68e-02  3.61e-03  3.26e-01  1.23e-03  1.68e-01  5.26e-01
aff_alpha = 0.5255439278768095
alpha = 0.6963435767277686
    8   2.0981e+04   1.8810e+04  8.68e-02  4.62e-06  7.87e+04  0.00e+00  4.45e-02  2.35e-03  1.84e-01  4.67e-04  1.07e-01  6.96e-01
aff_alpha = 0.08872345928204975
alpha = 0.08257522449209963
    9   2.0707e+04   1.8430e+04  8.13e-02  4.41e-06  8.28e+04  0.00e+00  4.68e-02  2.09e-03  1.90e-01  4.37e-04  2.28e-01  8.26e-02
aff_alpha = 0.39267175725496895
alpha = 0.5869780782592906
   10   2.7512e+04   2.5916e+04  4.08e-02  1.58e-06  5.88e+04  0.00e+00  3.32e-02  1.48e-03  1.25e-01  2.19e-04  1.52e-01  5.87e-01
aff_alpha = 0.20227979712606403
alpha = 0.34457772212918264
   11   2.9424e+04   2.7884e+04  2.96e-02  1.06e-06  5.75e+04  0.00e+00  3.25e-02  1.10e-03  1.14e-01  1.59e-04  1.99e-01  3.45e-01
aff_alpha = 0.5150856037120609
alpha = 0.5471019267265221
   12   3.7347e+04   3.6337e+04  1.53e-02  4.20e-07  3.83e+04  0.00e+00  2.16e-02  8.48e-04  7.13e-02  8.19e-05  1.14e-01  5.47e-01
aff_alpha = 0.23996848033617577
alpha = 0.2762240425324382
   13   3.9635e+04   3.8659e+04  1.18e-02  3.06e-07  3.76e+04  0.00e+00  2.13e-02  6.70e-04  6.67e-02  6.36e-05  1.90e-01  2.76e-01
aff_alpha = 0.3343434192042238
alpha = 0.710482171949565
   14   5.0227e+04   4.9686e+04  4.83e-03  9.72e-08  2.18e+04  0.00e+00  1.24e-02  4.71e-04  3.94e-02  2.59e-05  1.66e-01  7.10e-01
aff_alpha = 0.19236607436267747
alpha = 0.3179572649127614
   15   5.3111e+04   5.2589e+04  3.60e-03  6.85e-08  2.21e+04  0.00e+00  1.25e-02  3.48e-04  3.79e-02  1.93e-05  2.02e-01  3.18e-01
aff_alpha = 0.36233578065871064
alpha = 0.5150856037120609
   16   6.2604e+04   6.2217e+04  2.04e-03  3.28e-08  1.77e+04  0.00e+00  1.00e-02  2.46e-04  2.93e-02  1.10e-05  1.59e-01  5.15e-01
aff_alpha = 0.40064458448624524
alpha = 0.3659957380391017
   17   6.9088e+04   6.8782e+04  1.41e-03  2.05e-08  1.47e+04  0.00e+00  8.32e-03  2.04e-04  2.33e-02  7.55e-06  1.50e-01  3.66e-01
aff_alpha = 0.34805830518099257
alpha = 0.6110561278089117
   18   8.1779e+04   8.1600e+04  6.88e-04  8.43e-09  1.02e+04  0.00e+00  5.79e-03  1.43e-04  1.62e-02  3.69e-06  1.63e-01  6.11e-01
aff_alpha = 0.13668633495610216
alpha = 0.29339337925306325
   19   8.5206e+04   8.5056e+04  5.30e-04  6.23e-09  9.91e+03  0.00e+00  5.60e-03  1.14e-04  1.52e-02  2.84e-06  2.16e-01  2.93e-01
aff_alpha = 0.29339337925306325
alpha = 0.33099998501218153
   20   9.1014e+04   9.0903e+04  3.85e-04  4.24e-09  8.93e+03  0.00e+00  5.05e-03  9.18e-05  1.33e-02  2.07e-06  1.77e-01  3.31e-01
aff_alpha = 0.37719892325881166
alpha = 0.7322301393174321
   21   1.1241e+05   1.1241e+05  1.47e-04  1.31e-09  5.48e+03  0.00e+00  3.10e-03  5.71e-05  8.73e-03  7.89e-07  1.56e-01  7.32e-01
aff_alpha = 0.20227979712606403
alpha = 0.3377206254588119
   22   1.1819e+05   1.1824e+05  1.07e-04  9.08e-10  5.45e+03  0.00e+00  3.08e-03  4.19e-05  8.33e-03  5.76e-07  1.99e-01  3.38e-01
aff_alpha = 0.40064458448624524
alpha = 0.5929071497568592
   23   1.3825e+05   1.3832e+05  5.32e-05  3.85e-10  3.57e+03  0.00e+00  2.02e-03  3.18e-05  5.41e-03  2.86e-07  1.50e-01  5.93e-01
aff_alpha = 0.30851361618758744
alpha = 0.7033773502300693
   24   1.6018e+05   1.6029e+05  2.23e-05  1.39e-10  2.23e+03  0.00e+00  1.26e-03  2.13e-05  3.59e-03  1.19e-07  1.73e-01  7.03e-01
aff_alpha = 0.14373056265990927
alpha = 0.23996848033617577
   25   1.6427e+05   1.6440e+05  1.81e-05  1.10e-10  2.17e+03  0.00e+00  1.23e-03  1.77e-05  3.41e-03  9.69e-08  2.14e-01  2.40e-01
aff_alpha = 0.4087792924051069
alpha = 0.6234630423517108
   26   1.8148e+05   1.8160e+05  8.46e-06  4.66e-11  1.33e+03  0.00e+00  7.54e-04  1.35e-05  2.15e-03  4.54e-08  1.48e-01  6.23e-01
aff_alpha = 0.13262661412157098
alpha = 0.21702319218314012
   27   1.8477e+05   1.8492e+05  7.03e-06  3.80e-11  1.36e+03  0.00e+00  7.67e-04  1.10e-05  2.12e-03  3.77e-08  2.17e-01  2.17e-01
aff_alpha = 0.28755485100592726
alpha = 0.5099347476749403
   28   1.9854e+05   1.9867e+05  4.08e-06  2.05e-11  9.16e+02  0.00e+00  5.18e-04  9.48e-06  1.40e-03  2.19e-08  1.78e-01  5.10e-01
aff_alpha = 0.10525437535817407
alpha = 0.31162991534099743
   29   2.0338e+05   2.0354e+05  3.09e-06  1.52e-11  9.21e+02  0.00e+00  5.21e-04  7.15e-06  1.36e-03  1.66e-08  2.24e-01  3.12e-01
aff_alpha = 0.3343434192042238
alpha = 0.36233578065871064
   30   2.1181e+05   2.1197e+05  2.16e-06  1.02e-11  7.71e+02  0.00e+00  4.36e-04  5.96e-06  1.12e-03  1.16e-08  1.66e-01  3.62e-01
aff_alpha = 0.34457772212918264
alpha = 0.682486339550886
   31   2.3165e+05   2.3175e+05  9.27e-07  4.00e-12  3.76e+02  0.00e+00  2.12e-04  5.25e-06  5.51e-04  4.97e-09  1.64e-01  6.82e-01
aff_alpha = 0.5308524524008177
alpha = 0.5988961108655143
   32   2.4339e+05   2.4344e+05  4.29e-07  1.76e-12  1.85e+02  0.00e+00  1.04e-04  4.95e-06  2.74e-04  2.30e-09  1.03e-01  5.99e-01
aff_alpha = 0.14518238652516088
alpha = 0.21702319218314012
   33   2.4507e+05   2.4511e+05  3.56e-07  1.45e-12  1.61e+02  0.00e+00  9.10e-05  4.71e-06  2.38e-04  1.91e-09  2.14e-01  2.17e-01
aff_alpha = 0.4430036768280098
alpha = 0.5988961108655143
   34   2.5135e+05   2.5138e+05  1.72e-07  6.86e-13  8.62e+01  0.00e+00  4.88e-05  4.26e-06  1.34e-04  9.25e-10  1.39e-01  5.99e-01
aff_alpha = 0.4611758452213536
alpha = 0.5582103119340088
   35   2.5485e+05   2.5487e+05  8.92e-08  3.50e-13  4.68e+01  0.00e+00  2.65e-05  4.05e-06  7.50e-05  4.78e-10  1.35e-01  5.58e-01
aff_alpha = 0.5988961108655143
alpha = 0.49478917573424686
   36   2.5669e+05   2.5670e+05  4.79e-08  1.87e-13  2.61e+01  0.00e+00  1.47e-05  3.91e-06  4.20e-05  2.57e-10  6.45e-02  4.95e-01
aff_alpha = 0.42984602462254107
alpha = 0.42129208873255247
   37   2.5752e+05   2.5752e+05  3.06e-08  1.19e-13  1.67e+01  0.00e+00  9.43e-06  3.91e-06  2.80e-05  1.64e-10  1.43e-01  4.21e-01
aff_alpha = 0.6172284119281937
alpha = 0.7396264033509415
   38   2.5867e+05   2.5867e+05  9.23e-09  3.57e-14  5.03e+00  0.00e+00  2.85e-06  3.91e-06  8.37e-06  4.95e-11  5.61e-02  7.40e-01
aff_alpha = 0.5695442423569114
alpha = 0.5255439278768095
   39   2.5891e+05   2.5891e+05  4.77e-09  1.84e-14  2.62e+00  0.00e+00  1.48e-06  3.88e-06  4.49e-06  2.56e-11  7.98e-02  5.26e-01
aff_alpha = 0.5255439278768095
alpha = 0.8686589381877015
   40   2.5912e+05   2.5912e+05  1.07e-09  4.12e-15  5.90e-01  0.00e+00  3.34e-07  3.86e-06  1.19e-06  5.73e-12  1.07e-01  8.69e-01
aff_alpha = 0.6110561278089117
alpha = 0.7699661414905747
   41   2.5916e+05   2.5916e+05  2.94e-10  1.13e-15  1.63e-01  0.00e+00  9.22e-08  3.84e-06  3.43e-07  1.58e-12  5.88e-02  7.70e-01
aff_alpha = 0.5869675969611104
alpha = 0.9319721413721993
   42   2.5918e+05   2.5918e+05  3.93e-11  1.52e-16  2.18e-02  0.00e+00  1.23e-08  3.84e-06  5.01e-08  2.11e-13  7.05e-02  9.32e-01
aff_alpha = 0.38874503968241925
alpha = 0.36233578065871064
   43   2.5918e+05   2.5918e+05  2.64e-11  1.02e-16  1.55e-02  0.00e+00  8.78e-09  3.74e-06  3.59e-08  1.42e-13  1.53e-01  3.62e-01
aff_alpha = 0.6228047824280556
alpha = 0.6622158127798851
   44   2.5918e+05   2.5918e+05  9.88e-12  3.81e-17  5.80e-03  0.00e+00  3.28e-09  3.74e-06  1.35e-08  5.31e-14  5.37e-02  6.62e-01
aff_alpha = 0.49478917573424686
alpha = 0.8178251469034711
   45   2.5918e+05   2.5918e+05  2.79e-12  1.08e-17  8.46e-03  0.00e+00  9.41e-10  3.72e-06  3.98e-09  1.50e-14  1.26e-01  8.18e-01
aff_alpha = 0.8513558375188502
alpha = 0.8513726253177661
   46   2.5918e+05   2.5918e+05  4.21e-13  1.63e-18  1.29e-03  0.00e+00  1.43e-10  3.72e-06  6.02e-10  2.26e-15  3.28e-03  8.51e-01
aff_alpha = 0.5255428096929669
alpha = 0.5526282088146688
   47   2.5918e+05   2.5918e+05  2.10e-13  8.09e-19  6.36e-04  0.00e+00  7.22e-11  3.72e-06  3.05e-10  1.13e-15  1.07e-01  5.53e-01
aff_alpha = 0.801550426480092
alpha = 0.8096468954344364
   48   2.5918e+05   2.5918e+05  4.22e-14  1.63e-19  1.23e-04  0.00e+00  1.42e-11  3.72e-06  6.01e-11  2.27e-16  7.82e-03  8.10e-01
aff_alpha = 0.021508036575934208
alpha = 0.02821308975589489
   49   2.5918e+05   2.5918e+05  4.13e-14  1.59e-19  1.22e-04  0.00e+00  1.39e-11  3.72e-06  5.88e-11  2.22e-16  2.45e-01  2.82e-02
aff_alpha = 0.0
alpha = 0.0

status is NumericalFailure after 49 iterations and 5.175 seconds

took 5.17549588 seconds
