
reading instance and constructing model...
took 0.00087446 seconds
building model...
took 0.003052809 seconds

solving model...

 iter        p_obj        d_obj   abs_gap   rel_gap    x_feas    y_feas    z_feas       tau       kap        mu     gamma     alpha
    0   1.4071e+03  -6.0094e+03  6.60e+01       NaN  2.50e+05  0.00e+00  1.59e-03  1.00e+00  1.00e+00  1.00e+00
aff_alpha = 0.6555936546520862
alpha = 0.9042916368013036
    1   1.2065e+03  -6.0095e+03  8.75e+00       NaN  2.43e+05  0.00e+00  1.55e-03  1.36e-01  9.93e-01  1.33e-01  4.09e-02  9.04e-01
aff_alpha = 0.6555936546520862
alpha = 0.7935349222152911
    2   9.1384e+02  -5.3182e+03  2.09e+00       NaN  2.11e+05  0.00e+00  1.34e-03  3.76e-02  9.27e-01  3.17e-02  4.09e-02  7.94e-01
aff_alpha = 0.5416309074592569
alpha = 0.7546438152749123
    3   1.4819e+03  -4.1493e+03  6.65e-01       NaN  1.92e+05  0.00e+00  1.22e-03  1.31e-02  8.10e-01  1.01e-02  9.63e-02  7.55e-01
aff_alpha = 0.682486339550886
alpha = 0.7699661414905747
    4   4.1580e+03   5.8950e+02  1.69e-01  2.87e-04  1.24e+05  0.00e+00  7.91e-04  5.17e-03  5.92e-01  2.57e-03  3.20e-02  7.70e-01
aff_alpha = 0.2762240425324382
alpha = 0.2626863159915031
    5   3.9257e+03   1.8599e+02  1.33e-01  7.13e-04  1.31e+05  0.00e+00  8.37e-04  3.83e-03  6.00e-01  2.01e-03  1.81e-01  2.63e-01
aff_alpha = 0.3734269340262235
alpha = 0.48494287113713536
    6   6.7838e+03   3.9715e+03  7.85e-02  1.98e-05  9.97e+04  0.00e+00  6.35e-04  2.99e-03  4.33e-01  1.19e-03  1.57e-01  4.85e-01
aff_alpha = 0.42984602462254107
alpha = 0.5811082974766977
    7   7.1857e+03   4.3222e+03  3.94e-02  9.12e-06  1.07e+05  0.00e+00  6.81e-04  1.40e-03  4.27e-01  5.97e-04  1.43e-01  5.81e-01
aff_alpha = 0.2993504532731999
alpha = 0.6361218675152646
    8   1.5640e+04   1.4034e+04  1.88e-02  1.34e-06  6.03e+04  0.00e+00  3.84e-04  1.18e-03  2.16e-01  2.84e-04  1.75e-01  6.36e-01
aff_alpha = 0.30542848002571155
alpha = 0.762266480075669
    9   2.0755e+04   1.9531e+04  6.95e-03  3.56e-07  5.32e+04  0.00e+00  3.39e-04  4.93e-04  1.76e-01  1.05e-04  1.74e-01  7.62e-01
aff_alpha = 0.4385736400597297
alpha = 0.5308524524008177
   10   2.9795e+04   2.9019e+04  3.78e-03  1.30e-07  3.47e+04  0.00e+00  2.21e-04  4.12e-04  1.04e-01  5.71e-05  1.40e-01  5.31e-01
aff_alpha = 0.48494287113713536
alpha = 0.682486339550886
   11   4.0783e+04   4.0399e+04  1.53e-03  3.80e-08  1.92e+04  0.00e+00  1.22e-04  3.02e-04  5.58e-02  2.32e-05  1.29e-01  6.82e-01
aff_alpha = 0.19627188487162278
alpha = 0.08046511012448627
   12   4.1289e+04   4.0911e+04  1.44e-03  3.51e-08  1.97e+04  0.00e+00  1.25e-04  2.75e-04  5.66e-02  2.17e-05  2.01e-01  8.05e-02
aff_alpha = 0.5150856037120609
alpha = 0.6893801409604909
   13   5.3866e+04   5.3731e+04  5.59e-04  1.04e-08  1.56e+04  0.00e+00  9.94e-05  1.35e-04  4.44e-02  8.43e-06  1.14e-01  6.89e-01
aff_alpha = 0.3734269340262235
alpha = 0.7777435772632069
   14   6.8644e+04   6.8725e+04  1.92e-04  2.80e-09  9.37e+03  0.00e+00  5.97e-05  7.75e-05  2.78e-02  2.90e-06  1.57e-01  7.78e-01
aff_alpha = 0.41290837616677467
alpha = 0.7935349222152911
   15   8.7667e+04   8.7900e+04  6.21e-05  7.06e-10  5.43e+03  0.00e+00  3.46e-05  4.32e-05  1.70e-02  9.37e-07  1.47e-01  7.94e-01
aff_alpha = 0.11638264210085034
alpha = 0.13453538422312064
   16   8.6901e+04   8.7253e+04  5.56e-05  6.37e-10  6.10e+03  0.00e+00  3.89e-05  3.44e-05  1.83e-02  8.39e-07  2.21e-01  1.35e-01
aff_alpha = 0.4087792924051069
alpha = 0.1286874710555462
   17   8.9625e+04   8.9961e+04  4.95e-05  5.50e-10  5.67e+03  0.00e+00  3.61e-05  3.29e-05  1.66e-02  7.47e-07  1.48e-01  1.29e-01
aff_alpha = 0.45656408676914
alpha = 0.3276899851620597
   18   9.6473e+04   9.6785e+04  3.55e-05  3.67e-10  4.65e+03  0.00e+00  2.96e-05  2.88e-05  1.30e-02  5.35e-07  1.36e-01  3.28e-01
aff_alpha = 0.4519984459014486
alpha = 0.7699661414905747
   19   1.1510e+05   1.1543e+05  1.19e-05  1.03e-10  2.47e+03  0.00e+00  1.57e-05  1.82e-05  7.29e-03  1.80e-07  1.37e-01  7.70e-01
aff_alpha = 0.3377206254588119
alpha = 0.5526282088146688
   20   1.2658e+05   1.2691e+05  6.42e-06  5.06e-11  1.82e+03  0.00e+00  1.16e-05  1.33e-05  5.12e-03  9.68e-08  1.66e-01  5.53e-01
aff_alpha = 0.5099347476749403
alpha = 0.6622158127798851
   21   1.3886e+05   1.3905e+05  2.67e-06  1.92e-11  8.79e+02  0.00e+00  5.60e-06  1.14e-05  2.47e-03  4.02e-08  1.18e-01  6.62e-01
aff_alpha = 0.17750477450608737
alpha = 0.34457772212918264
   22   1.4156e+05   1.4181e+05  1.94e-06  1.37e-11  8.62e+02  0.00e+00  5.49e-06  8.48e-06  2.31e-03  2.92e-08  2.06e-01  3.45e-01
aff_alpha = 0.5308524524008177
alpha = 0.7546438152749123
   23   1.5304e+05   1.5313e+05  6.27e-07  4.09e-12  3.03e+02  0.00e+00  1.93e-06  7.80e-06  7.89e-04  9.45e-09  1.03e-01  7.55e-01
aff_alpha = 0.15420652959866507
alpha = 0.14327849024514833
   24   1.5292e+05   1.5303e+05  5.56e-07  3.63e-12  3.19e+02  0.00e+00  2.03e-06  6.57e-06  8.11e-04  8.38e-09  2.11e-01  1.43e-01
aff_alpha = 0.5255439278768095
alpha = 0.6689048613938233
   25   1.5733e+05   1.5737e+05  2.24e-07  1.42e-12  1.27e+02  0.00e+00  8.11e-07  6.63e-06  3.45e-04  3.37e-09  1.07e-01  6.69e-01
aff_alpha = 0.30851361618758744
alpha = 0.6172284119281937
   26   1.5924e+05   1.5925e+05  1.10e-07  6.88e-13  5.66e+01  0.00e+00  3.61e-07  7.30e-06  1.43e-04  1.65e-09  1.73e-01  6.17e-01
aff_alpha = 0.2626863159915031
alpha = 0.3244130853104391
   27   1.5958e+05   1.5959e+05  8.06e-08  5.05e-13  4.26e+01  0.00e+00  2.71e-07  7.13e-06  1.11e-04  1.21e-09  1.84e-01  3.24e-01
aff_alpha = 0.1526644643026784
alpha = 0.3411319449078908
   28   1.5987e+05   1.5989e+05  5.89e-08  3.68e-13  3.43e+01  0.00e+00  2.19e-07  6.47e-06  9.32e-05  8.88e-10  2.12e-01  3.41e-01
aff_alpha = 0.42639431389363397
alpha = 0.33099998501218153
   29   1.6013e+05   1.6014e+05  4.22e-08  2.63e-13  2.43e+01  0.00e+00  1.55e-07  6.55e-06  6.80e-05  6.36e-10  1.43e-01  3.31e-01
aff_alpha = 0.6064967345043064
alpha = 0.18110884043065745
   30   1.6026e+05   1.6027e+05  3.50e-08  2.18e-13  1.99e+01  0.00e+00  1.27e-07  6.62e-06  5.61e-05  5.28e-10  6.09e-02  1.81e-01
aff_alpha = 0.41290837616677467
alpha = 0.39267175725496895
   31   1.6049e+05   1.6049e+05  2.33e-08  1.45e-13  1.25e+01  0.00e+00  7.98e-08  7.01e-06  3.50e-05  3.51e-10  1.47e-01  3.93e-01
aff_alpha = 0.2043230274000647
alpha = 0.6893801409604909
   32   1.6069e+05   1.6069e+05  1.04e-08  6.48e-14  5.85e+00  0.00e+00  3.73e-08  6.72e-06  1.87e-05  1.57e-10  1.99e-01  6.89e-01
aff_alpha = 0.6490377181055653
alpha = 0.7935349222152911
   33   1.6082e+05   1.6082e+05  2.51e-09  1.56e-14  1.38e+00  0.00e+00  8.81e-09  6.85e-06  4.28e-06  3.78e-11  4.32e-02  7.94e-01
aff_alpha = 0.25745885830327214
alpha = 0.5150856037120609
   34   1.6084e+05   1.6084e+05  1.45e-09  9.04e-15  8.09e-01  0.00e+00  5.16e-09  6.79e-06  2.63e-06  2.20e-11  1.86e-01  5.15e-01
aff_alpha = 0.7546438152749123
alpha = 0.9134258957588925
   35   1.6086e+05   1.6086e+05  1.46e-10  9.05e-16  8.09e-02  0.00e+00  5.16e-10  6.79e-06  2.57e-07  2.20e-12  1.48e-02  9.13e-01
aff_alpha = 0.2963569487404679
alpha = 0.3411319449078908
   36   1.6086e+05   1.6086e+05  1.05e-10  6.50e-16  5.82e-02  0.00e+00  3.71e-10  6.79e-06  1.89e-07  1.58e-12  1.76e-01  3.41e-01
aff_alpha = 0.49978704619620895
alpha = 0.8513726253177661
   37   1.6086e+05   1.6086e+05  2.67e-11  1.66e-16  1.49e-02  0.00e+00  9.49e-11  6.77e-06  5.32e-08  4.03e-13  1.25e-01  8.51e-01
aff_alpha = 0.4105599630259737
alpha = 0.4898412839769044
   38   1.6086e+05   1.6086e+05  1.56e-11  9.69e-17  8.63e-03  0.00e+00  5.50e-11  6.81e-06  3.13e-08  2.36e-13  1.47e-01  4.90e-01
aff_alpha = 0.8019924712478396
alpha = 0.7396264033509415
   39   1.6086e+05   1.6086e+05  4.17e-12  2.59e-17  2.27e-03  0.00e+00  1.46e-11  6.83e-06  8.47e-09  6.31e-14  7.76e-03  7.40e-01
aff_alpha = 0.8344186171774884
alpha = 0.8344303100739425
   40   1.6086e+05   1.6086e+05  8.07e-13  5.02e-18  1.31e-03  0.00e+00  2.47e-12  6.83e-06  1.44e-09  1.22e-14  4.54e-03  8.34e-01
aff_alpha = 0.6689048613938233
alpha = 0.6756614761553771
   41   1.6086e+05   1.6086e+05  3.92e-13  2.43e-18  1.33e-02  0.00e+00  8.61e-13  6.83e-06  5.10e-10  5.90e-15  3.63e-02  6.76e-01
aff_alpha = 0.13668633495610216
alpha = 0.9999
   42   1.6086e+05   1.6086e+05  1.23e-13  7.67e-19  1.87e-03  0.00e+00  1.86e-13  6.83e-06  1.86e-10  1.86e-15  2.16e-01  1.00e+00
aff_alpha = 0.8774322447856349
alpha = 0.8774332708966681
   43   1.6086e+05   1.6086e+05  1.56e-14  9.68e-20  2.30e-04  0.00e+00  2.31e-14  6.83e-06  2.33e-11  2.35e-16  1.84e-03  8.77e-01
aff_alpha = 0.05003154963747189
alpha = 0.06562877595923207
   44   1.6086e+05   1.6086e+05  1.47e-14  9.15e-20  2.19e-04  0.00e+00  2.19e-14  6.83e-06  2.23e-11  2.22e-16  2.37e-01  6.56e-02
aff_alpha = 0.0
alpha = 0.0

status is NumericalFailure after 44 iterations and 2.104 seconds

took 2.10420663 seconds
