
instance beck753
ran at: 2020-05-11T16:34:09.728
with solver: hypatia, system solver: qrchol_dense
number type : BigFloat

┌ Warning: Package Hypatia does not have ForwardDiff in its dependencies:
│ - If you have Hypatia checked out for development and have
│   added ForwardDiff as a dependency but haven't updated your primary
│   environment's manifest file, try `Pkg.resolve()`.
│ - Otherwise you may need to report an issue with Hypatia
└ Loading ForwardDiff into Hypatia from project dependency, future warnings for Hypatia are suppressed.

reading instance and constructing model...
took 1.155152172 seconds
building model...
took 9.224420962 seconds

solving model...

 iter        p_obj        d_obj   abs_gap   rel_gap    x_feas    y_feas    z_feas       tau       kap        mu     gamma     alpha
    0   3.6923e+00  -2.0995e+01  5.90e+01       NaN  2.34e+00  0.00e+00  9.39e-01  1.00e+00  1.00e+00  1.00e+00
    1   4.7537e+00  -3.6318e+00  1.40e+01       NaN  8.14e-01  0.00e+00  3.27e-01  6.82e-01  3.75e-01  2.37e-01  1.92e-02  7.78e-01
    2   6.5756e+00   5.0504e+00  2.36e+00  4.67e-01  1.46e-01  0.00e+00  5.84e-02  6.40e-01  4.62e-02  3.98e-02  7.05e-02  8.95e-01
    3   6.3601e+00   6.0531e+00  5.01e-01  8.28e-02  2.92e-02  0.00e+00  1.17e-02  6.78e-01  9.35e-03  8.46e-03  1.77e-02  8.02e-01
    4   6.3266e+00   6.2494e+00  1.27e-01  2.03e-02  7.36e-03  0.00e+00  2.95e-03  6.82e-01  2.41e-03  2.14e-03  2.04e-02  7.62e-01
    5   6.3253e+00   6.2680e+00  9.41e-02  1.50e-02  5.46e-03  0.00e+00  2.19e-03  6.81e-01  1.83e-03  1.59e-03  1.88e-01  3.18e-01
    6   6.3035e+00   6.2843e+00  3.17e-02  5.04e-03  1.85e-03  0.00e+00  7.40e-04  6.79e-01  6.69e-04  5.35e-04  1.30e-01  7.62e-01
    7   6.2993e+00   6.2964e+00  4.79e-03  7.61e-04  2.81e-04  0.00e+00  1.13e-04  6.76e-01  1.09e-04  8.11e-05  6.17e-02  9.04e-01
    8   6.2985e+00   6.2980e+00  8.99e-04  1.43e-04  5.27e-05  0.00e+00  2.11e-05  6.76e-01  2.09e-05  1.52e-05  4.58e-02  8.51e-01
    9   6.2984e+00   6.2982e+00  2.35e-04  3.73e-05  1.38e-05  0.00e+00  5.52e-06  6.77e-01  5.51e-06  3.98e-06  4.09e-02  7.70e-01
   10   6.2984e+00   6.2983e+00  1.07e-04  1.69e-05  6.25e-06  0.00e+00  2.51e-06  6.77e-01  2.50e-06  1.81e-06  1.84e-03  5.47e-01
   11   6.2983e+00   6.2983e+00  5.80e-05  9.21e-06  3.40e-06  0.00e+00  1.36e-06  6.77e-01  1.36e-06  9.82e-07  8.78e-04  4.57e-01
   12   6.2983e+00   6.2983e+00  3.26e-05  5.17e-06  1.91e-06  0.00e+00  7.66e-07  6.77e-01  7.64e-07  5.52e-07  6.49e-04  4.39e-01
   13   6.2983e+00   6.2983e+00  1.91e-05  3.04e-06  1.12e-06  0.00e+00  4.50e-07  6.77e-01  4.48e-07  3.24e-07  3.15e-04  4.13e-01
   14   6.2983e+00   6.2983e+00  1.13e-05  1.80e-06  6.63e-07  0.00e+00  2.66e-07  6.77e-01  2.65e-07  1.92e-07  3.15e-04  4.09e-01
   15   6.2983e+00   6.2983e+00  6.87e-06  1.09e-06  4.03e-07  0.00e+00  1.62e-07  6.77e-01  1.61e-07  1.16e-07  2.01e-04  3.93e-01
   16   6.2983e+00   6.2983e+00  4.23e-06  6.71e-07  2.48e-07  0.00e+00  9.94e-08  6.77e-01  9.91e-08  7.16e-08  1.18e-04  3.85e-01
   17   6.2983e+00   6.2983e+00  2.65e-06  4.21e-07  1.55e-07  0.00e+00  6.23e-08  6.77e-01  6.21e-08  4.49e-08  6.16e-05  3.73e-01
   18   6.2983e+00   6.2983e+00  1.67e-06  2.65e-07  9.78e-08  0.00e+00  3.92e-08  6.77e-01  3.91e-08  2.83e-08  2.65e-05  3.70e-01
   19   6.2983e+00   6.2983e+00  1.06e-06  1.68e-07  6.20e-08  0.00e+00  2.49e-08  6.77e-01  2.48e-08  1.79e-08  8.00e-06  3.66e-01
   20   6.2983e+00   6.2983e+00  6.75e-07  1.07e-07  3.96e-08  0.00e+00  1.59e-08  6.77e-01  1.58e-08  1.14e-08  8.00e-06  3.62e-01
   21   6.2983e+00   6.2983e+00  4.31e-07  6.84e-08  2.52e-08  0.00e+00  1.01e-08  6.77e-01  1.01e-08  7.29e-09  1.03e-06  3.62e-01
   22   6.2983e+00   6.2983e+00  2.75e-07  4.36e-08  1.61e-08  0.00e+00  6.45e-09  6.77e-01  6.43e-09  4.65e-09  1.03e-06  3.62e-01
   23   6.2983e+00   6.2983e+00  1.76e-07  2.80e-08  1.03e-08  0.00e+00  4.14e-09  6.77e-01  4.13e-09  2.98e-09  1.03e-06  3.59e-01
   24   6.2983e+00   6.2983e+00  1.13e-07  1.79e-08  6.61e-09  0.00e+00  2.65e-09  6.77e-01  2.65e-09  1.91e-09  1.03e-06  3.59e-01
   25   6.2983e+00   6.2983e+00  7.20e-08  1.14e-08  4.22e-09  0.00e+00  1.69e-09  6.77e-01  1.69e-09  1.22e-09  1.03e-06  3.62e-01
optimal solution found; terminating

status is Optimal after 25 iterations and 39.046 seconds

took 44.293205982 seconds

