
reading instance and constructing model...
took 0.000924707 seconds
building model...
took 0.00290345 seconds

solving model...

 iter        p_obj        d_obj   abs_gap   rel_gap    x_feas    y_feas    z_feas       tau       kap        mu     gamma     alpha
    0   3.7044e+00  -2.1085e+01  5.90e+01       NaN  2.28e+00  0.00e+00  9.39e-01  1.00e+00  1.00e+00  1.00e+00
aff_alpha = 0.7322301393174321
alpha = 0.762266480075669
    1   4.7729e+00  -4.1427e+00  1.49e+01       NaN  8.38e-01  0.00e+00  3.45e-01  6.86e-01  3.90e-01  2.52e-01  1.92e-02  7.62e-01
aff_alpha = 0.5255439278768095
alpha = 0.9042916368013036
    2   6.8233e+00   4.9476e+00  2.88e+00  5.81e-01  1.74e-01  0.00e+00  7.15e-02  6.37e-01  5.63e-02  4.85e-02  1.07e-01  9.04e-01
aff_alpha = 0.7437927650998574
alpha = 0.8251422495770292
    3   6.7947e+00   6.4592e+00  5.43e-01  8.41e-02  3.09e-02  0.00e+00  1.27e-02  6.75e-01  9.79e-03  9.16e-03  1.68e-02  8.25e-01
aff_alpha = 0.4611758452213536
alpha = 0.49478917573424686
    4   6.8001e+00   6.6086e+00  3.10e-01  4.70e-02  1.77e-02  0.00e+00  7.28e-03  6.75e-01  5.84e-03  5.24e-03  1.35e-01  4.95e-01
aff_alpha = 0.480093442425764
alpha = 0.6622158127798851
    5   6.8186e+00   6.7370e+00  1.31e-01  1.95e-02  7.56e-03  0.00e+00  3.11e-03  6.69e-01  2.66e-03  2.22e-03  1.30e-01  6.62e-01
aff_alpha = 0.4169326197263424
alpha = 0.7699661414905747
    6   6.8127e+00   6.7849e+00  4.49e-02  6.62e-03  2.59e-03  0.00e+00  1.06e-03  6.70e-01  9.83e-04  7.60e-04  1.46e-01  7.70e-01
aff_alpha = 0.44708406780006293
alpha = 0.44747846144243414
    7   6.8147e+00   6.7976e+00  2.76e-02  4.06e-03  1.59e-03  0.00e+00  6.54e-04  6.70e-01  6.14e-04  4.67e-04  1.38e-01  4.47e-01
aff_alpha = 0.5695442423569114
alpha = 0.9702019701
    8   6.8155e+00   6.8137e+00  2.95e-03  4.33e-04  1.71e-04  0.00e+00  7.03e-05  6.68e-01  7.26e-05  5.00e-05  7.98e-02  9.70e-01
aff_alpha = 0.6555936546520862
alpha = 0.8686589381877015
    9   6.8155e+00   6.8152e+00  4.93e-04  7.23e-05  2.85e-05  0.00e+00  1.17e-05  6.68e-01  1.22e-05  8.35e-06  4.09e-02  8.69e-01
aff_alpha = 0.6171068648226485
alpha = 0.7396264033509415
   10   6.8155e+00   6.8154e+00  1.49e-04  2.18e-05  8.60e-06  0.00e+00  3.54e-06  6.68e-01  3.70e-06  2.52e-06  5.61e-02  7.40e-01
aff_alpha = 0.7776113601871573
alpha = 0.8428588990645884
   11   6.8155e+00   6.8155e+00  2.47e-05  3.63e-06  1.43e-06  0.00e+00  5.89e-07  6.68e-01  6.16e-07  4.19e-07  1.10e-02  8.43e-01
aff_alpha = 0.9042313778104549
alpha = 0.98000199
   12   6.8155e+00   6.8155e+00  5.16e-07  7.57e-08  2.99e-08  0.00e+00  1.23e-08  6.68e-01  1.29e-08  8.75e-09  8.78e-04  9.80e-01
aff_alpha = 0.7033773502300693
alpha = 0.6963435767277686
   13   6.8155e+00   6.8155e+00  1.65e-07  2.42e-08  9.67e-09  0.00e+00  3.99e-09  6.63e-01  4.19e-09  2.79e-09  2.61e-02  6.96e-01
aff_alpha = 0.2292523260408237
alpha = 0.27346180210711385
   14   6.8155e+00   6.8155e+00  1.27e-07  1.86e-08  7.44e-09  0.00e+00  3.10e-09  6.63e-01  3.27e-09  2.15e-09  1.93e-01  2.73e-01
aff_alpha = 0.15420652959866507
alpha = 0.13130034798035528
   15   6.8155e+00   6.8155e+00  1.26e-07  1.85e-08  1.13e-08  0.00e+00  2.78e-09  6.63e-01  2.93e-09  2.14e-09  2.11e-01  1.31e-01
aff_alpha = 0.45656408676914
alpha = 0.24981207275280665
   16   6.8155e+00   6.8155e+00  9.50e-08  1.39e-08  1.16e-08  0.00e+00  2.18e-09  6.63e-01  2.31e-09  1.61e-09  1.36e-01  2.50e-01
optimal solution found; terminating

status is Optimal after 16 iterations and 3.046 seconds

took 3.046167955 seconds
