
instance enpro48
ran at: 2020-05-12T18:25:38.934
with solver: hypatia, system solver: qrchol_dense
number type : Float64


reading instance and constructing model...
took 1.387286531 seconds
building model...
took 10.174411902 seconds

solving model...

 iter        p_obj        d_obj   abs_gap   rel_gap    x_feas    y_feas    z_feas       tau       kap        mu     gamma     alpha
    0   7.6784e+03  -6.7672e+03  5.19e+02       NaN  5.74e+04  0.00e+00  4.16e-03  1.00e+00  1.00e+00  1.00e+00
    1   7.0993e+03  -7.2961e+03  2.14e+02       NaN  5.72e+04  0.00e+00  4.15e-03  4.14e-01  9.97e-01  4.13e-01  1.31e-01  6.76e-01
    2   4.7433e+03  -9.4606e+03  9.72e+01       NaN  5.65e+04  0.00e+00  4.10e-03  1.90e-01  9.86e-01  1.87e-01  2.07e-01  6.89e-01
    3   3.0858e+03  -1.0110e+04  4.24e+01       NaN  5.25e+04  0.00e+00  3.81e-03  8.94e-02  9.32e-01  8.17e-02  1.49e-01  6.62e-01
    4   3.2762e+03  -9.5542e+03  3.75e+01       NaN  5.11e+04  0.00e+00  3.70e-03  8.12e-02  8.91e-01  7.22e-02  1.61e-01  1.38e-01
    5   4.8803e+03  -3.9624e+03  1.27e+01       NaN  3.52e+04  0.00e+00  2.55e-03  4.00e-02  6.56e-01  2.46e-02  8.95e-02  7.25e-01
    6   6.5579e+03  -1.2854e+03  7.86e+00       NaN  3.13e+04  0.00e+00  2.27e-03  2.78e-02  5.28e-01  1.51e-02  1.77e-01  4.66e-01
    7   7.9524e+03   6.5219e+02  5.80e+00  8.90e-03  2.91e+04  0.00e+00  2.11e-03  2.21e-02  4.61e-01  1.12e-02  1.60e-01  3.12e-01
    8   9.2404e+03   2.2243e+03  4.45e+00  2.00e-03  2.80e+04  0.00e+00  2.03e-03  1.76e-02  4.18e-01  8.57e-03  1.79e-01  2.85e-01
    9   1.0768e+04   4.2026e+03  3.55e+00  8.44e-04  2.62e+04  0.00e+00  1.90e-03  1.50e-02  3.73e-01  6.83e-03  1.71e-01  2.45e-01
   10   1.1666e+04   5.2222e+03  3.00e+00  5.75e-04  2.57e+04  0.00e+00  1.87e-03  1.29e-02  3.54e-01  5.78e-03  1.79e-01  1.87e-01
   11   1.6867e+04   1.1808e+04  1.89e+00  1.60e-04  2.02e+04  0.00e+00  1.47e-03  1.03e-02  2.61e-01  3.63e-03  1.60e-01  4.43e-01
   12   1.8081e+04   1.2581e+04  1.34e+00  1.06e-04  2.20e+04  0.00e+00  1.60e-03  6.72e-03  2.66e-01  2.58e-03  2.22e-01  3.73e-01
   13   2.4621e+04   2.0590e+04  9.20e-01  4.47e-05  1.61e+04  0.00e+00  1.17e-03  6.30e-03  1.83e-01  1.77e-03  1.79e-01  3.81e-01
   14   2.6058e+04   2.1941e+04  7.07e-01  3.22e-05  1.65e+04  0.00e+00  1.20e-03  4.73e-03  1.82e-01  1.36e-03  2.13e-01  2.93e-01
   15   3.5728e+04   3.2825e+04  4.29e-01  1.31e-05  1.17e+04  0.00e+00  8.46e-04  4.06e-03  1.24e-01  8.25e-04  2.04e-01  4.95e-01
   16   4.5403e+04   4.2796e+04  2.40e-01  5.61e-06  1.05e+04  0.00e+00  7.64e-04  2.52e-03  1.08e-01  4.62e-04  1.87e-01  5.42e-01
   17   5.7776e+04   5.6007e+04  1.17e-01  2.09e-06  7.20e+03  0.00e+00  5.22e-04  1.80e-03  7.72e-02  2.26e-04  1.80e-01  6.23e-01
   18   6.4714e+04   6.3249e+04  8.65e-02  1.37e-06  5.98e+03  0.00e+00  4.33e-04  1.60e-03  6.24e-02  1.67e-04  1.94e-01  3.24e-01
   19   7.1730e+04   7.0508e+04  5.92e-02  8.40e-07  5.01e+03  0.00e+00  3.64e-04  1.31e-03  5.15e-02  1.14e-04  1.88e-01  3.89e-01
   20   7.7042e+04   7.5942e+04  4.26e-02  5.62e-07  4.55e+03  0.00e+00  3.30e-04  1.04e-03  4.57e-02  8.21e-05  1.88e-01  3.45e-01
   21   8.6518e+04   8.5586e+04  2.58e-02  3.01e-07  3.92e+03  0.00e+00  2.84e-04  7.27e-04  3.91e-02  4.96e-05  1.93e-01  4.90e-01
   22   9.0808e+04   8.9952e+04  2.11e-02  2.35e-07  3.62e+03  0.00e+00  2.62e-04  6.45e-04  3.55e-02  4.07e-05  1.68e-01  2.17e-01
   23   9.2745e+04   9.1938e+04  2.01e-02  2.18e-07  3.41e+03  0.00e+00  2.47e-04  6.50e-04  3.34e-02  3.86e-05  2.44e-01  6.70e-02
   24   1.0664e+05   1.0610e+05  1.07e-02  1.01e-07  2.29e+03  0.00e+00  1.66e-04  5.15e-04  2.29e-02  2.05e-05  1.61e-01  5.58e-01
   25   1.1247e+05   1.1198e+05  8.09e-03  7.22e-08  2.12e+03  0.00e+00  1.54e-04  4.21e-04  2.08e-02  1.56e-05  1.93e-01  2.99e-01
   26   1.2533e+05   1.2497e+05  4.66e-03  3.73e-08  1.60e+03  0.00e+00  1.16e-04  3.22e-04  1.59e-02  8.98e-06  1.77e-01  5.15e-01
   27   1.3744e+05   1.3721e+05  2.79e-03  2.03e-08  1.04e+03  0.00e+00  7.51e-05  2.98e-04  1.04e-02  5.37e-06  1.72e-01  4.85e-01
   28   1.4432e+05   1.4415e+05  1.92e-03  1.33e-08  8.00e+02  0.00e+00  5.80e-05  2.66e-04  8.06e-03  3.70e-06  1.99e-01  3.89e-01
   29   1.5160e+05   1.5147e+05  1.23e-03  8.14e-09  6.11e+02  0.00e+00  4.43e-05  2.23e-04  6.31e-03  2.37e-06  2.07e-01  4.52e-01
   30   1.5652e+05   1.5643e+05  8.70e-04  5.56e-09  4.65e+02  0.00e+00  3.37e-05  2.07e-04  4.83e-03  1.67e-06  1.80e-01  3.59e-01
   31   1.6182e+05   1.6177e+05  5.22e-04  3.23e-09  3.04e+02  0.00e+00  2.20e-05  1.90e-04  3.31e-03  1.01e-06  1.93e-01  4.95e-01
   32   1.6217e+05   1.6211e+05  4.92e-04  3.04e-09  2.98e+02  0.00e+00  2.16e-05  1.83e-04  3.24e-03  9.48e-07  2.23e-01  7.40e-02
   33   1.6532e+05   1.6528e+05  3.32e-04  2.01e-09  2.08e+02  0.00e+00  1.51e-05  1.76e-04  2.33e-03  6.39e-07  1.61e-01  3.89e-01
   34   1.6639e+05   1.6635e+05  2.81e-04  1.69e-09  1.88e+02  0.00e+00  1.37e-05  1.65e-04  2.12e-03  5.42e-07  2.26e-01  1.96e-01
   35   1.6894e+05   1.6892e+05  1.76e-04  1.04e-09  1.22e+02  0.00e+00  8.84e-06  1.60e-04  1.43e-03  3.40e-07  1.74e-01  4.52e-01
   36   1.7072e+05   1.7070e+05  1.13e-04  6.61e-10  7.97e+01  0.00e+00  5.78e-06  1.57e-04  9.42e-04  2.17e-07  2.03e-01  4.52e-01
   37   1.7144e+05   1.7143e+05  8.97e-05  5.23e-10  6.13e+01  0.00e+00  4.45e-06  1.62e-04  7.18e-04  1.73e-07  1.63e-01  2.45e-01
   38   1.7163e+05   1.7161e+05  8.32e-05  4.85e-10  5.77e+01  0.00e+00  4.18e-06  1.60e-04  6.78e-04  1.60e-07  2.04e-01  9.05e-02
   39   1.7263e+05   1.7262e+05  5.15e-05  2.98e-10  3.68e+01  0.00e+00  2.67e-06  1.55e-04  4.49e-04  9.91e-08  1.81e-01  4.66e-01
   40   1.7305e+05   1.7305e+05  3.81e-05  2.20e-10  2.75e+01  0.00e+00  1.99e-06  1.53e-04  3.38e-04  7.34e-08  1.07e-01  2.90e-01
   41   1.7332e+05   1.7332e+05  2.97e-05  1.72e-10  2.16e+01  0.00e+00  1.57e-06  1.52e-04  2.70e-04  5.73e-08  1.71e-01  2.65e-01
   42   1.7398e+05   1.7398e+05  1.01e-05  5.80e-11  7.39e+00  0.00e+00  5.36e-07  1.51e-04  9.17e-05  1.94e-08  1.22e-02  6.69e-01
   43   1.7414e+05   1.7414e+05  5.12e-06  2.94e-11  3.80e+00  0.00e+00  2.75e-07  1.49e-04  5.09e-05  9.85e-09  1.77e-01  5.99e-01
   44   1.7417e+05   1.7417e+05  4.11e-06  2.36e-11  3.04e+00  0.00e+00  2.20e-07  1.50e-04  4.12e-05  7.92e-09  1.59e-01  2.33e-01
   45   1.7424e+05   1.7424e+05  2.10e-06  1.21e-11  1.56e+00  0.00e+00  1.13e-07  1.49e-04  2.27e-05  4.05e-09  2.09e-01  6.17e-01
   46   1.7427e+05   1.7426e+05  1.51e-06  8.68e-12  1.12e+00  0.00e+00  8.13e-08  1.49e-04  1.65e-05  2.91e-09  1.50e-01  3.31e-01
   47   1.7428e+05   1.7428e+05  1.13e-06  6.49e-12  8.39e-01  0.00e+00  6.08e-08  1.49e-04  1.24e-05  2.18e-09  3.85e-02  2.63e-01
   48   1.7429e+05   1.7429e+05  6.66e-07  3.82e-12  4.93e-01  0.00e+00  3.58e-08  1.49e-04  7.38e-06  1.28e-09  1.18e-01  4.66e-01
   49   1.7431e+05   1.7431e+05  2.77e-07  1.59e-12  2.05e-01  0.00e+00  1.49e-08  1.49e-04  3.25e-06  5.33e-10  1.94e-01  7.25e-01
   50   1.7431e+05   1.7431e+05  2.30e-07  1.32e-12  1.71e-01  0.00e+00  1.24e-08  1.49e-04  2.70e-06  4.44e-10  6.90e-03  1.69e-01
   51   1.7431e+05   1.7431e+05  1.51e-07  8.66e-13  1.12e-01  0.00e+00  8.12e-09  1.49e-04  1.77e-06  2.91e-10  8.80e-03  3.48e-01
   52   1.7432e+05   1.7432e+05  1.80e-08  1.03e-13  1.34e-02  0.00e+00  9.68e-10  1.49e-04  2.13e-07  3.47e-11  1.62e-02  8.95e-01
   53   1.7432e+05   1.7432e+05  1.19e-08  6.84e-14  8.85e-03  0.00e+00  6.42e-10  1.49e-04  1.43e-07  2.30e-11  1.84e-01  4.13e-01
   54   1.7432e+05   1.7432e+05  1.37e-09  7.84e-15  1.01e-03  0.00e+00  7.35e-11  1.49e-04  1.65e-08  2.63e-12  1.10e-02  8.95e-01
   55   1.7432e+05   1.7432e+05  3.57e-10  2.05e-15  3.02e-04  0.00e+00  1.89e-11  1.49e-04  4.39e-09  6.88e-13  1.45e-01  8.69e-01
   56   1.7432e+05   1.7432e+05  3.38e-10  1.94e-15  6.56e-04  0.00e+00  1.81e-11  1.49e-04  4.20e-09  6.51e-13  2.11e-01  5.48e-02
   57   1.7432e+05   1.7432e+05  2.75e-10  1.58e-15  5.58e-04  0.00e+00  1.47e-11  1.49e-04  3.42e-09  5.30e-13  2.18e-01  2.40e-01

status is NumericalFailure after 57 iterations and 20.197 seconds

took 24.350763502 seconds
┌ Warning: very small alpha
└ @ Hypatia.Solvers ~/.julia/dev/Hypatia/src/Solvers/stepper.jl:211
┌ Warning: Hypatia status NumericalFailure not handled
└ @ Hypatia ~/.julia/dev/Hypatia/src/MathOptInterface/wrapper.jl:530


instance enpro48
ran at: 2020-05-12T21:32:18.436
with solver: hypatia, system solver: qrchol_dense
number type : BigFloat


reading instance and constructing model...
took 1.388541096 seconds
building model...
took 10.049258134 seconds

solving model...

 iter        p_obj        d_obj   abs_gap   rel_gap    x_feas    y_feas    z_feas       tau       kap        mu     gamma     alpha
    0   7.6784e+03  -6.7672e+03  5.19e+02       NaN  5.74e+04  0.00e+00  4.16e-03  1.00e+00  1.00e+00  1.00e+00
    1   7.0993e+03  -7.2961e+03  2.14e+02       NaN  5.72e+04  0.00e+00  4.15e-03  4.14e-01  9.97e-01  4.13e-01  1.31e-01  6.76e-01
    2   4.7433e+03  -9.4606e+03  9.72e+01       NaN  5.65e+04  0.00e+00  4.10e-03  1.90e-01  9.86e-01  1.87e-01  2.07e-01  6.89e-01
    3   3.0858e+03  -1.0110e+04  4.24e+01       NaN  5.25e+04  0.00e+00  3.81e-03  8.94e-02  9.32e-01  8.17e-02  1.49e-01  6.62e-01
    4   3.2762e+03  -9.5542e+03  3.75e+01       NaN  5.11e+04  0.00e+00  3.70e-03  8.12e-02  8.91e-01  7.22e-02  1.61e-01  1.38e-01
    5   4.8803e+03  -3.9624e+03  1.27e+01       NaN  3.52e+04  0.00e+00  2.55e-03  4.00e-02  6.56e-01  2.46e-02  8.95e-02  7.25e-01
    6   6.5579e+03  -1.2854e+03  7.86e+00       NaN  3.13e+04  0.00e+00  2.27e-03  2.78e-02  5.28e-01  1.51e-02  1.77e-01  4.66e-01
    7   7.9524e+03   6.5219e+02  5.80e+00  8.90e-03  2.91e+04  0.00e+00  2.11e-03  2.21e-02  4.61e-01  1.12e-02  1.60e-01  3.12e-01
    8   9.2404e+03   2.2243e+03  4.45e+00  2.00e-03  2.80e+04  0.00e+00  2.03e-03  1.76e-02  4.18e-01  8.57e-03  1.79e-01  2.85e-01
    9   1.0768e+04   4.2026e+03  3.55e+00  8.44e-04  2.62e+04  0.00e+00  1.90e-03  1.50e-02  3.73e-01  6.83e-03  1.71e-01  2.45e-01
   10   1.1666e+04   5.2222e+03  3.00e+00  5.75e-04  2.57e+04  0.00e+00  1.87e-03  1.29e-02  3.54e-01  5.78e-03  1.79e-01  1.87e-01
   11   1.6867e+04   1.1808e+04  1.89e+00  1.60e-04  2.02e+04  0.00e+00  1.47e-03  1.03e-02  2.61e-01  3.63e-03  1.60e-01  4.43e-01
   12   1.8081e+04   1.2581e+04  1.34e+00  1.06e-04  2.20e+04  0.00e+00  1.60e-03  6.72e-03  2.66e-01  2.58e-03  2.22e-01  3.73e-01
   13   2.4621e+04   2.0590e+04  9.20e-01  4.47e-05  1.61e+04  0.00e+00  1.17e-03  6.30e-03  1.83e-01  1.77e-03  1.79e-01  3.81e-01
   14   2.6058e+04   2.1941e+04  7.07e-01  3.22e-05  1.65e+04  0.00e+00  1.20e-03  4.73e-03  1.82e-01  1.36e-03  2.13e-01  2.93e-01
   15   3.5728e+04   3.2825e+04  4.29e-01  1.31e-05  1.17e+04  0.00e+00  8.46e-04  4.06e-03  1.24e-01  8.25e-04  2.04e-01  4.95e-01
   16   4.5403e+04   4.2796e+04  2.40e-01  5.61e-06  1.05e+04  0.00e+00  7.64e-04  2.52e-03  1.08e-01  4.62e-04  1.87e-01  5.42e-01
   17   5.7776e+04   5.6007e+04  1.17e-01  2.09e-06  7.20e+03  0.00e+00  5.22e-04  1.80e-03  7.72e-02  2.26e-04  1.80e-01  6.23e-01
   18   6.4714e+04   6.3249e+04  8.65e-02  1.37e-06  5.98e+03  0.00e+00  4.33e-04  1.60e-03  6.24e-02  1.67e-04  1.94e-01  3.24e-01
   19   7.1730e+04   7.0508e+04  5.92e-02  8.40e-07  5.01e+03  0.00e+00  3.64e-04  1.31e-03  5.15e-02  1.14e-04  1.88e-01  3.89e-01
   20   7.7042e+04   7.5942e+04  4.26e-02  5.62e-07  4.55e+03  0.00e+00  3.30e-04  1.04e-03  4.57e-02  8.21e-05  1.88e-01  3.45e-01
   21   8.6518e+04   8.5586e+04  2.58e-02  3.01e-07  3.92e+03  0.00e+00  2.84e-04  7.27e-04  3.91e-02  4.96e-05  1.93e-01  4.90e-01
   22   9.0808e+04   8.9952e+04  2.11e-02  2.35e-07  3.62e+03  0.00e+00  2.62e-04  6.45e-04  3.55e-02  4.07e-05  1.68e-01  2.17e-01
   23   9.2745e+04   9.1938e+04  2.01e-02  2.18e-07  3.41e+03  0.00e+00  2.47e-04  6.50e-04  3.34e-02  3.86e-05  2.44e-01  6.70e-02
   24   1.0664e+05   1.0610e+05  1.07e-02  1.01e-07  2.29e+03  0.00e+00  1.66e-04  5.15e-04  2.29e-02  2.05e-05  1.61e-01  5.58e-01
   25   1.1247e+05   1.1198e+05  8.09e-03  7.22e-08  2.12e+03  0.00e+00  1.54e-04  4.21e-04  2.08e-02  1.56e-05  1.93e-01  2.99e-01
   26   1.2533e+05   1.2497e+05  4.66e-03  3.73e-08  1.60e+03  0.00e+00  1.16e-04  3.22e-04  1.59e-02  8.98e-06  1.77e-01  5.15e-01
   27   1.3744e+05   1.3721e+05  2.79e-03  2.03e-08  1.04e+03  0.00e+00  7.51e-05  2.98e-04  1.04e-02  5.37e-06  1.72e-01  4.85e-01
   28   1.4431e+05   1.4414e+05  1.92e-03  1.33e-08  8.00e+02  0.00e+00  5.80e-05  2.66e-04  8.07e-03  3.70e-06  1.99e-01  3.89e-01
   29   1.5159e+05   1.5147e+05  1.23e-03  8.14e-09  6.12e+02  0.00e+00  4.43e-05  2.23e-04  6.31e-03  2.37e-06  2.07e-01  4.52e-01
   30   1.5663e+05   1.5653e+05  8.62e-04  5.51e-09  4.63e+02  0.00e+00  3.35e-05  2.06e-04  4.81e-03  1.66e-06  1.80e-01  3.66e-01
   31   1.6187e+05   1.6181e+05  5.16e-04  3.19e-09  3.05e+02  0.00e+00  2.21e-05  1.87e-04  3.33e-03  9.94e-07  1.96e-01  5.00e-01
   32   1.6504e+05   1.6500e+05  3.46e-04  2.10e-09  2.17e+02  0.00e+00  1.57e-05  1.77e-04  2.44e-03  6.66e-07  1.95e-01  4.09e-01
   33   1.6550e+05   1.6546e+05  3.24e-04  1.96e-09  2.07e+02  0.00e+00  1.50e-05  1.73e-04  2.34e-03  6.24e-07  2.13e-01  8.11e-02

status is NumericalFailure after 33 iterations and 118.188 seconds

took 123.683542796 seconds
┌ Warning: very small alpha
└ @ Hypatia.Solvers ~/.julia/dev/Hypatia/src/Solvers/stepper.jl:211
┌ Warning: Hypatia status NumericalFailure not handled
└ @ Hypatia ~/.julia/dev/Hypatia/src/MathOptInterface/wrapper.jl:530


instance enpro48
ran at: 2020-05-12T22:52:56.872
with solver: hypatia, system solver: qrchol_dense
number type : BigFloat


reading instance and constructing model...
took 1.386039429 seconds
building model...
took 10.19849147 seconds

solving model...

 iter        p_obj        d_obj   abs_gap   rel_gap    x_feas    y_feas    z_feas       tau       kap        mu     gamma     alpha
    0   7.6784e+03  -6.7672e+03  5.19e+02       NaN  5.74e+04  0.00e+00  4.16e-03  1.00e+00  1.00e+00  1.00e+00
    1   7.0993e+03  -7.2961e+03  2.14e+02       NaN  5.72e+04  0.00e+00  4.15e-03  4.14e-01  9.97e-01  4.13e-01  1.31e-01  6.76e-01
    2   4.7433e+03  -9.4606e+03  9.72e+01       NaN  5.65e+04  0.00e+00  4.10e-03  1.90e-01  9.86e-01  1.87e-01  2.07e-01  6.89e-01
    3   3.0858e+03  -1.0110e+04  4.24e+01       NaN  5.25e+04  0.00e+00  3.81e-03  8.94e-02  9.32e-01  8.17e-02  1.49e-01  6.62e-01
    4   3.2762e+03  -9.5542e+03  3.75e+01       NaN  5.11e+04  0.00e+00  3.70e-03  8.12e-02  8.91e-01  7.22e-02  1.61e-01  1.38e-01
    5   4.8803e+03  -3.9624e+03  1.27e+01       NaN  3.52e+04  0.00e+00  2.55e-03  4.00e-02  6.56e-01  2.46e-02  8.95e-02  7.25e-01
    6   6.5579e+03  -1.2854e+03  7.86e+00       NaN  3.13e+04  0.00e+00  2.27e-03  2.78e-02  5.28e-01  1.51e-02  1.77e-01  4.66e-01
    7   7.9524e+03   6.5219e+02  5.80e+00  8.90e-03  2.91e+04  0.00e+00  2.11e-03  2.21e-02  4.61e-01  1.12e-02  1.60e-01  3.12e-01
    8   9.2404e+03   2.2243e+03  4.45e+00  2.00e-03  2.80e+04  0.00e+00  2.03e-03  1.76e-02  4.18e-01  8.57e-03  1.79e-01  2.85e-01
    9   1.0768e+04   4.2026e+03  3.55e+00  8.44e-04  2.62e+04  0.00e+00  1.90e-03  1.50e-02  3.73e-01  6.83e-03  1.71e-01  2.45e-01
   10   1.1666e+04   5.2222e+03  3.00e+00  5.75e-04  2.57e+04  0.00e+00  1.87e-03  1.29e-02  3.54e-01  5.78e-03  1.79e-01  1.87e-01
   11   1.6867e+04   1.1808e+04  1.89e+00  1.60e-04  2.02e+04  0.00e+00  1.47e-03  1.03e-02  2.61e-01  3.63e-03  1.60e-01  4.43e-01
   12   1.8081e+04   1.2581e+04  1.34e+00  1.06e-04  2.20e+04  0.00e+00  1.60e-03  6.72e-03  2.66e-01  2.58e-03  2.22e-01  3.73e-01
   13   2.4621e+04   2.0590e+04  9.20e-01  4.47e-05  1.61e+04  0.00e+00  1.17e-03  6.30e-03  1.83e-01  1.77e-03  1.79e-01  3.81e-01
   14   2.6058e+04   2.1941e+04  7.07e-01  3.22e-05  1.65e+04  0.00e+00  1.20e-03  4.73e-03  1.82e-01  1.36e-03  2.13e-01  2.93e-01
   15   3.5728e+04   3.2825e+04  4.29e-01  1.31e-05  1.17e+04  0.00e+00  8.46e-04  4.06e-03  1.24e-01  8.25e-04  2.04e-01  4.95e-01
   16   4.5403e+04   4.2796e+04  2.40e-01  5.61e-06  1.05e+04  0.00e+00  7.64e-04  2.52e-03  1.08e-01  4.62e-04  1.87e-01  5.42e-01
   17   5.7776e+04   5.6007e+04  1.17e-01  2.09e-06  7.20e+03  0.00e+00  5.22e-04  1.80e-03  7.72e-02  2.26e-04  1.80e-01  6.23e-01
   18   6.4714e+04   6.3249e+04  8.65e-02  1.37e-06  5.98e+03  0.00e+00  4.33e-04  1.60e-03  6.24e-02  1.67e-04  1.94e-01  3.24e-01
   19   7.1730e+04   7.0508e+04  5.92e-02  8.40e-07  5.01e+03  0.00e+00  3.64e-04  1.31e-03  5.15e-02  1.14e-04  1.88e-01  3.89e-01
   20   7.7042e+04   7.5942e+04  4.26e-02  5.62e-07  4.55e+03  0.00e+00  3.30e-04  1.04e-03  4.57e-02  8.21e-05  1.88e-01  3.45e-01
   21   8.6518e+04   8.5586e+04  2.58e-02  3.01e-07  3.92e+03  0.00e+00  2.84e-04  7.27e-04  3.91e-02  4.96e-05  1.93e-01  4.90e-01
   22   9.0808e+04   8.9952e+04  2.11e-02  2.35e-07  3.62e+03  0.00e+00  2.62e-04  6.45e-04  3.55e-02  4.07e-05  1.68e-01  2.17e-01
   23   9.2745e+04   9.1938e+04  2.01e-02  2.18e-07  3.41e+03  0.00e+00  2.47e-04  6.50e-04  3.34e-02  3.86e-05  2.44e-01  6.70e-02
   24   1.0664e+05   1.0610e+05  1.07e-02  1.01e-07  2.29e+03  0.00e+00  1.66e-04  5.15e-04  2.29e-02  2.05e-05  1.61e-01  5.58e-01
   25   1.1247e+05   1.1198e+05  8.09e-03  7.22e-08  2.12e+03  0.00e+00  1.54e-04  4.21e-04  2.08e-02  1.56e-05  1.93e-01  2.99e-01
   26   1.2533e+05   1.2497e+05  4.66e-03  3.73e-08  1.60e+03  0.00e+00  1.16e-04  3.22e-04  1.59e-02  8.98e-06  1.77e-01  5.15e-01
   27   1.3744e+05   1.3721e+05  2.79e-03  2.03e-08  1.04e+03  0.00e+00  7.51e-05  2.98e-04  1.04e-02  5.37e-06  1.72e-01  4.85e-01
   28   1.4432e+05   1.4415e+05  1.92e-03  1.33e-08  7.99e+02  0.00e+00  5.79e-05  2.66e-04  8.05e-03  3.70e-06  1.98e-01  3.89e-01
   29   1.5159e+05   1.5147e+05  1.23e-03  8.14e-09  6.10e+02  0.00e+00  4.42e-05  2.23e-04  6.30e-03  2.37e-06  2.08e-01  4.52e-01
   30   1.5646e+05   1.5636e+05  8.74e-04  5.59e-09  4.67e+02  0.00e+00  3.38e-05  2.07e-04  4.84e-03  1.68e-06  1.80e-01  3.55e-01
   31   1.6169e+05   1.6163e+05  5.24e-04  3.24e-09  3.07e+02  0.00e+00  2.23e-05  1.88e-04  3.35e-03  1.01e-06  1.98e-01  5.00e-01
   32   1.6250e+05   1.6244e+05  4.71e-04  2.90e-09  2.88e+02  0.00e+00  2.09e-05  1.81e-04  3.15e-03  9.06e-07  2.16e-01  1.29e-01
   33   1.6538e+05   1.6534e+05  3.25e-04  1.97e-09  2.06e+02  0.00e+00  1.49e-05  1.75e-04  2.31e-03  6.26e-07  1.62e-01  3.70e-01
   34   1.6633e+05   1.6629e+05  2.78e-04  1.67e-09  1.88e+02  0.00e+00  1.36e-05  1.63e-04  2.12e-03  5.35e-07  2.26e-01  1.87e-01
   35   1.6874e+05   1.6871e+05  1.80e-04  1.07e-09  1.28e+02  0.00e+00  9.30e-06  1.55e-04  1.51e-03  3.46e-07  1.77e-01  4.30e-01
   36   1.7026e+05   1.7025e+05  1.28e-04  7.52e-10  9.04e+01  0.00e+00  6.56e-06  1.57e-04  1.08e-03  2.47e-07  1.49e-01  3.38e-01
   37   1.7103e+05   1.7101e+05  1.06e-04  6.21e-10  7.22e+01  0.00e+00  5.23e-06  1.63e-04  8.49e-04  2.05e-07  1.86e-01  2.09e-01
   38   1.7152e+05   1.7151e+05  8.78e-05  5.12e-10  6.24e+01  0.00e+00  4.52e-06  1.56e-04  7.51e-04  1.69e-07  2.32e-01  2.26e-01
   39   1.7291e+05   1.7291e+05  4.30e-05  2.49e-10  3.08e+01  0.00e+00  2.23e-06  1.54e-04  3.71e-04  8.28e-08  4.82e-02  5.36e-01
   40   1.7353e+05   1.7352e+05  2.25e-05  1.30e-10  1.65e+01  0.00e+00  1.20e-06  1.51e-04  2.11e-04  4.34e-08  1.56e-01  5.64e-01
   41   1.7357e+05   1.7356e+05  2.15e-05  1.24e-10  1.57e+01  0.00e+00  1.14e-06  1.51e-04  2.00e-04  4.13e-08  1.39e-01  5.48e-02
   42   1.7376e+05   1.7376e+05  1.60e-05  9.23e-11  1.16e+01  0.00e+00  8.38e-07  1.53e-04  1.48e-04  3.09e-08  1.14e-01  2.85e-01
   43   1.7382e+05   1.7382e+05  1.42e-05  8.17e-11  1.04e+01  0.00e+00  7.52e-07  1.52e-04  1.35e-04  2.74e-08  2.28e-01  1.48e-01
   44   1.7428e+05   1.7428e+05  1.16e-06  6.64e-12  8.55e-01  0.00e+00  6.20e-08  1.50e-04  1.15e-05  2.23e-09  2.43e-02  9.41e-01
   45   1.7429e+05   1.7429e+05  8.33e-07  4.78e-12  6.16e-01  0.00e+00  4.46e-08  1.50e-04  8.50e-06  1.60e-09  1.69e-01  3.38e-01
   46   1.7430e+05   1.7430e+05  4.78e-07  2.74e-12  3.55e-01  0.00e+00  2.57e-08  1.49e-04  5.04e-06  9.21e-10  1.31e-01  4.90e-01
   47   1.7431e+05   1.7431e+05  2.51e-07  1.44e-12  1.86e-01  0.00e+00  1.35e-08  1.49e-04  2.72e-06  4.83e-10  1.30e-01  5.47e-01
   48   1.7432e+05   1.7432e+05  2.48e-08  1.42e-13  1.84e-02  0.00e+00  1.33e-09  1.49e-04  2.75e-07  4.77e-11  1.34e-02  9.13e-01
   49   1.7432e+05   1.7432e+05  2.89e-09  1.66e-14  2.15e-03  0.00e+00  1.56e-10  1.49e-04  3.27e-08  5.57e-12  1.34e-02  8.95e-01
   50   1.7432e+05   1.7432e+05  4.30e-10  2.46e-15  3.19e-04  0.00e+00  2.31e-11  1.49e-04  4.89e-09  8.27e-13  9.86e-03  8.60e-01
   51   1.7432e+05   1.7432e+05  1.10e-10  6.32e-16  8.18e-05  0.00e+00  5.93e-12  1.49e-04  1.26e-09  2.12e-13  1.48e-02  7.55e-01
   52   1.7432e+05   1.7432e+05  9.37e-11  5.38e-16  6.93e-05  0.00e+00  5.02e-12  1.49e-04  1.08e-09  1.81e-13  2.15e-01  1.92e-01
   53   1.7432e+05   1.7432e+05  2.69e-11  1.54e-16  1.96e-05  0.00e+00  1.42e-12  1.50e-04  3.04e-10  5.17e-14  3.73e-05  7.15e-01
   54   1.7432e+05   1.7432e+05  2.21e-11  1.27e-16  1.63e-05  0.00e+00  1.18e-12  1.50e-04  2.53e-10  4.26e-14  2.44e-01  2.31e-01

status is NumericalFailure after 54 iterations and 166.614 seconds

took 172.175639859 seconds
┌ Warning: very small alpha
└ @ Hypatia.Solvers ~/.julia/dev/Hypatia/src/Solvers/stepper.jl:211
┌ Warning: Hypatia status NumericalFailure not handled
└ @ Hypatia ~/.julia/dev/Hypatia/src/MathOptInterface/wrapper.jl:530


instance enpro48
ran at: 2020-05-13T00:29:08.088
with solver: hypatia, system solver: qrchol_dense
number type : BigFloat


reading instance and constructing model...
took 1.378472065 seconds
building model...
took 10.046037113 seconds

solving model...

 iter        p_obj        d_obj   abs_gap   rel_gap    x_feas    y_feas    z_feas       tau       kap        mu     gamma     alpha
    0   7.6784e+03  -6.7672e+03  5.19e+02       NaN  5.74e+04  0.00e+00  4.16e-03  1.00e+00  1.00e+00  1.00e+00
    1   7.0993e+03  -7.2961e+03  2.14e+02       NaN  5.72e+04  0.00e+00  4.15e-03  4.14e-01  9.97e-01  4.13e-01  1.31e-01  6.76e-01
    2   4.7433e+03  -9.4606e+03  9.72e+01       NaN  5.65e+04  0.00e+00  4.10e-03  1.90e-01  9.86e-01  1.87e-01  2.07e-01  6.89e-01
    3   3.0858e+03  -1.0110e+04  4.24e+01       NaN  5.25e+04  0.00e+00  3.81e-03  8.94e-02  9.32e-01  8.17e-02  1.49e-01  6.62e-01
    4   3.2762e+03  -9.5542e+03  3.75e+01       NaN  5.11e+04  0.00e+00  3.70e-03  8.12e-02  8.91e-01  7.22e-02  1.61e-01  1.38e-01
    5   4.8803e+03  -3.9624e+03  1.27e+01       NaN  3.52e+04  0.00e+00  2.55e-03  4.00e-02  6.56e-01  2.46e-02  8.95e-02  7.25e-01
    6   6.5579e+03  -1.2854e+03  7.86e+00       NaN  3.13e+04  0.00e+00  2.27e-03  2.78e-02  5.28e-01  1.51e-02  1.77e-01  4.66e-01
    7   7.9524e+03   6.5219e+02  5.80e+00  8.90e-03  2.91e+04  0.00e+00  2.11e-03  2.21e-02  4.61e-01  1.12e-02  1.60e-01  3.12e-01
    8   9.2404e+03   2.2243e+03  4.45e+00  2.00e-03  2.80e+04  0.00e+00  2.03e-03  1.76e-02  4.18e-01  8.57e-03  1.79e-01  2.85e-01
    9   1.0768e+04   4.2026e+03  3.55e+00  8.44e-04  2.62e+04  0.00e+00  1.90e-03  1.50e-02  3.73e-01  6.83e-03  1.71e-01  2.45e-01
   10   1.1666e+04   5.2222e+03  3.00e+00  5.75e-04  2.57e+04  0.00e+00  1.87e-03  1.29e-02  3.54e-01  5.78e-03  1.79e-01  1.87e-01
   11   1.6867e+04   1.1808e+04  1.89e+00  1.60e-04  2.02e+04  0.00e+00  1.47e-03  1.03e-02  2.61e-01  3.63e-03  1.60e-01  4.43e-01
   12   1.8081e+04   1.2581e+04  1.34e+00  1.06e-04  2.20e+04  0.00e+00  1.60e-03  6.72e-03  2.66e-01  2.58e-03  2.22e-01  3.73e-01
   13   2.4621e+04   2.0590e+04  9.20e-01  4.47e-05  1.61e+04  0.00e+00  1.17e-03  6.30e-03  1.83e-01  1.77e-03  1.79e-01  3.81e-01
   14   2.6058e+04   2.1941e+04  7.07e-01  3.22e-05  1.65e+04  0.00e+00  1.20e-03  4.73e-03  1.82e-01  1.36e-03  2.13e-01  2.93e-01
   15   3.5728e+04   3.2825e+04  4.29e-01  1.31e-05  1.17e+04  0.00e+00  8.46e-04  4.06e-03  1.24e-01  8.25e-04  2.04e-01  4.95e-01
   16   4.5403e+04   4.2796e+04  2.40e-01  5.61e-06  1.05e+04  0.00e+00  7.64e-04  2.52e-03  1.08e-01  4.62e-04  1.87e-01  5.42e-01
   17   5.7776e+04   5.6007e+04  1.17e-01  2.09e-06  7.20e+03  0.00e+00  5.22e-04  1.80e-03  7.72e-02  2.26e-04  1.80e-01  6.23e-01
   18   6.4797e+04   6.3337e+04  8.62e-02  1.36e-06  5.96e+03  0.00e+00  4.32e-04  1.60e-03  6.22e-02  1.66e-04  1.94e-01  3.28e-01
   19   7.1795e+04   7.0575e+04  5.90e-02  8.36e-07  5.01e+03  0.00e+00  3.63e-04  1.30e-03  5.15e-02  1.14e-04  1.88e-01  3.89e-01
   20   7.7179e+04   7.6082e+04  4.23e-02  5.56e-07  4.54e+03  0.00e+00  3.29e-04  1.03e-03  4.55e-02  8.15e-05  1.88e-01  3.48e-01
   21   8.6138e+04   8.5196e+04  2.64e-02  3.10e-07  3.96e+03  0.00e+00  2.87e-04  7.38e-04  3.93e-02  5.08e-05  1.93e-01  4.66e-01
   22   9.0136e+04   8.9268e+04  2.18e-02  2.44e-07  3.67e+03  0.00e+00  2.66e-04  6.56e-04  3.59e-02  4.19e-05  1.69e-01  2.11e-01
   23   9.2005e+04   9.1184e+04  2.07e-02  2.27e-07  3.47e+03  0.00e+00  2.51e-04  6.61e-04  3.38e-02  3.99e-05  2.44e-01  6.37e-02
   24   1.0346e+05   1.0287e+05  1.24e-02  1.20e-07  2.52e+03  0.00e+00  1.83e-04  5.44e-04  2.46e-02  2.38e-05  1.61e-01  4.80e-01
   25   1.0844e+05   1.0791e+05  9.63e-03  8.92e-08  2.30e+03  0.00e+00  1.67e-04  4.62e-04  2.22e-02  1.85e-05  2.01e-01  2.79e-01
   26   1.2481e+05   1.2444e+05  5.00e-03  4.02e-08  1.68e+03  0.00e+00  1.21e-04  3.30e-04  1.67e-02  9.62e-06  1.81e-01  5.87e-01
   27   1.3328e+05   1.3301e+05  3.38e-03  2.54e-08  1.23e+03  0.00e+00  8.94e-05  3.03e-04  1.26e-02  6.51e-06  1.86e-01  3.97e-01
   28   1.3594e+05   1.3569e+05  2.84e-03  2.09e-08  1.16e+03  0.00e+00  8.39e-05  2.71e-04  1.18e-02  5.46e-06  2.23e-01  2.08e-01
   29   1.4363e+05   1.4345e+05  1.91e-03  1.33e-08  8.34e+02  0.00e+00  6.04e-05  2.54e-04  8.54e-03  3.68e-06  1.72e-01  3.93e-01
   30   1.4805e+05   1.4791e+05  1.50e-03  1.01e-08  6.81e+02  0.00e+00  4.94e-05  2.43e-04  6.97e-03  2.89e-06  1.83e-01  2.65e-01
   31   1.4789e+05   1.4774e+05  1.39e-03  9.43e-09  7.21e+02  0.00e+00  5.23e-05  2.14e-04  7.29e-03  2.68e-06  2.37e-01  9.19e-02
   32   1.5619e+05   1.5610e+05  7.93e-04  5.08e-09  4.68e+02  0.00e+00  3.39e-05  1.87e-04  4.88e-03  1.53e-06  1.64e-01  5.15e-01
   33   1.6175e+05   1.6169e+05  5.10e-04  3.15e-09  3.30e+02  0.00e+00  2.39e-05  1.71e-04  3.53e-03  9.81e-07  2.00e-01  4.47e-01
   34   1.6621e+05   1.6617e+05  3.00e-04  1.80e-09  2.00e+02  0.00e+00  1.45e-05  1.66e-04  2.21e-03  5.77e-07  1.34e-01  4.75e-01
   35   1.6885e+05   1.6883e+05  1.86e-04  1.10e-09  1.26e+02  0.00e+00  9.16e-06  1.63e-04  1.45e-03  3.58e-07  1.52e-01  4.47e-01
   36   1.7028e+05   1.7026e+05  1.32e-04  7.73e-10  9.68e+01  0.00e+00  7.02e-06  1.50e-04  1.15e-03  2.54e-07  2.18e-01  3.73e-01
   37   1.7213e+05   1.7212e+05  6.81e-05  3.96e-10  5.06e+01  0.00e+00  3.67e-06  1.49e-04  6.28e-04  1.31e-07  1.26e-01  5.53e-01
   38   1.7259e+05   1.7258e+05  5.31e-05  3.08e-10  3.87e+01  0.00e+00  2.80e-06  1.52e-04  4.87e-04  1.02e-07  1.87e-01  2.71e-01
   39   1.7319e+05   1.7318e+05  3.30e-05  1.90e-10  2.42e+01  0.00e+00  1.75e-06  1.51e-04  3.23e-04  6.35e-08  2.10e-01  4.80e-01
   40   1.7339e+05   1.7338e+05  2.69e-05  1.55e-10  1.97e+01  0.00e+00  1.43e-06  1.51e-04  2.65e-04  5.18e-08  1.65e-01  2.19e-01
   41   1.7364e+05   1.7363e+05  1.97e-05  1.14e-10  1.43e+01  0.00e+00  1.03e-06  1.53e-04  1.93e-04  3.80e-08  1.67e-01  3.21e-01
   42   1.7399e+05   1.7399e+05  9.49e-06  5.45e-11  6.97e+00  0.00e+00  5.05e-07  1.51e-04  9.78e-05  1.83e-08  1.59e-01  6.17e-01
   43   1.7414e+05   1.7414e+05  5.18e-06  2.98e-11  3.82e+00  0.00e+00  2.77e-07  1.50e-04  5.44e-05  9.99e-09  1.37e-01  5.26e-01
   44   1.7418e+05   1.7418e+05  4.04e-06  2.32e-11  2.99e+00  0.00e+00  2.16e-07  1.50e-04  4.32e-05  7.79e-09  2.03e-01  2.76e-01
   45   1.7431e+05   1.7431e+05  3.35e-07  1.92e-12  2.48e-01  0.00e+00  1.80e-08  1.49e-04  4.14e-06  6.45e-10  7.35e-02  9.90e-01
   46   1.7431e+05   1.7431e+05  1.14e-07  6.52e-13  8.43e-02  0.00e+00  6.11e-09  1.49e-04  1.41e-06  2.19e-10  3.20e-02  6.82e-01
   47   1.7432e+05   1.7432e+05  2.73e-08  1.57e-13  2.03e-02  0.00e+00  1.47e-09  1.49e-04  3.40e-07  5.26e-11  1.34e-02  7.70e-01
   48   1.7432e+05   1.7432e+05  9.36e-09  5.37e-14  6.95e-03  0.00e+00  5.04e-10  1.49e-04  1.18e-07  1.80e-11  1.29e-01  7.55e-01
   49   1.7432e+05   1.7432e+05  4.03e-09  2.31e-14  2.99e-03  0.00e+00  2.17e-10  1.49e-04  5.08e-08  7.77e-12  5.88e-02  6.05e-01
   50   1.7432e+05   1.7432e+05  9.93e-10  5.70e-15  7.37e-04  0.00e+00  5.35e-11  1.49e-04  1.25e-08  1.91e-12  1.47e-03  7.55e-01
   51   1.7432e+05   1.7432e+05  1.03e-11  5.93e-17  7.68e-06  0.00e+00  5.57e-13  1.49e-04  1.30e-10  1.99e-14  3.15e-04  9.90e-01
   52   1.7432e+05   1.7432e+05  5.14e-12  2.95e-17  3.83e-06  0.00e+00  2.78e-13  1.49e-04  6.54e-11  9.91e-15  1.87e-01  6.17e-01
   53   1.7432e+05   1.7432e+05  1.62e-13  9.31e-19  1.20e-07  0.00e+00  8.70e-15  1.49e-04  1.95e-12  3.13e-16  3.11e-05  9.69e-01
   54   1.7432e+05   1.7432e+05  1.46e-13  8.40e-19  1.19e-07  0.00e+00  8.62e-15  1.42e-04  1.91e-12  2.82e-16  2.11e-01  6.97e-02
   55   1.7432e+05   1.7432e+05  1.15e-13  6.61e-19  9.66e-08  0.00e+00  7.01e-15  1.40e-04  1.55e-12  2.22e-16  1.98e-01  2.50e-01

status is NumericalFailure after 55 iterations and 166.275 seconds

took 171.773342053 seconds
┌ Warning: very small alpha
└ @ Hypatia.Solvers ~/.julia/dev/Hypatia/src/Solvers/stepper.jl:211
┌ Warning: Hypatia status NumericalFailure not handled
└ @ Hypatia ~/.julia/dev/Hypatia/src/MathOptInterface/wrapper.jl:530

