
instance enpro56
ran at: 2020-05-12T18:20:23.768
with solver: hypatia, system solver: qrchol_dense
number type : Float64


reading instance and constructing model...
took 1.389523012 seconds
building model...
took 10.233468081 seconds

solving model...

 iter        p_obj        d_obj   abs_gap   rel_gap    x_feas    y_feas    z_feas       tau       kap        mu     gamma     alpha
    0   2.1300e+03  -6.5468e+03  4.47e+02       NaN  3.97e+05  0.00e+00  3.35e-03  1.00e+00  1.00e+00  1.00e+00
    1   1.6611e+03  -6.8779e+03  1.63e+02       NaN  3.91e+05  0.00e+00  3.30e-03  3.72e-01  9.89e-01  3.66e-01  1.25e-01  7.25e-01
    2   1.0599e+03  -6.7602e+03  8.52e+01       NaN  3.58e+05  0.00e+00  3.02e-03  2.11e-01  9.16e-01  1.91e-01  1.92e-01  5.93e-01
    3   1.1080e+03  -6.7270e+03  8.33e+01       NaN  3.58e+05  0.00e+00  3.03e-03  2.06e-01  9.14e-01  1.86e-01  2.23e-01  2.91e-02
    4   1.5651e+03  -5.0138e+03  4.79e+01       NaN  3.01e+05  0.00e+00  2.55e-03  1.41e-01  7.43e-01  1.07e-01  1.51e-01  5.00e-01
    5   2.4377e+03  -2.4885e+03  2.18e+01       NaN  2.25e+05  0.00e+00  1.91e-03  8.59e-02  5.22e-01  4.88e-02  1.86e-01  6.69e-01
    6   2.3582e+03  -2.8078e+03  1.96e+01       NaN  2.37e+05  0.00e+00  2.00e-03  7.36e-02  5.33e-01  4.38e-02  2.23e-01  1.31e-01
    7   4.0192e+03  -4.8737e+02  8.50e+00       NaN  2.07e+05  0.00e+00  1.75e-03  3.65e-02  4.38e-01  1.90e-02  1.53e-01  6.69e-01
    8   6.8486e+03   3.3926e+03  3.77e+00  1.11e-03  1.59e+05  0.00e+00  1.34e-03  2.11e-02  3.23e-01  8.43e-03  1.68e-01  6.69e-01
    9   6.5308e+03   2.8524e+03  3.15e+00  1.11e-03  1.69e+05  0.00e+00  1.43e-03  1.65e-02  3.33e-01  7.05e-03  2.17e-01  2.09e-01
   10   8.6555e+03   5.7151e+03  2.52e+00  4.41e-04  1.35e+05  0.00e+00  1.14e-03  1.65e-02  2.52e-01  5.63e-03  2.18e-01  2.57e-01
   11   1.2603e+04   1.0202e+04  1.16e+00  1.13e-04  1.11e+05  0.00e+00  9.37e-04  9.25e-03  2.03e-01  2.58e-03  1.99e-01  6.76e-01
   12   1.3487e+04   1.1033e+04  9.36e-01  8.49e-05  1.13e+05  0.00e+00  9.59e-04  7.32e-03  1.99e-01  2.09e-03  2.17e-01  2.42e-01
   13   1.9565e+04   1.7802e+04  4.86e-01  2.73e-05  8.18e+04  0.00e+00  6.92e-04  5.27e-03  1.39e-01  1.09e-03  1.80e-01  5.87e-01
   14   2.1487e+04   1.9901e+04  4.10e-01  2.06e-05  7.36e+04  0.00e+00  6.23e-04  4.94e-03  1.22e-01  9.18e-04  1.93e-01  1.92e-01
   15   2.6328e+04   2.5088e+04  2.41e-01  9.62e-06  5.78e+04  0.00e+00  4.89e-04  3.70e-03  9.36e-02  5.40e-04  1.84e-01  5.05e-01
   16   3.4351e+04   3.3392e+04  1.43e-01  4.29e-06  4.50e+04  0.00e+00  3.80e-04  2.83e-03  7.08e-02  3.20e-04  1.78e-01  4.95e-01
   17   3.7963e+04   3.7251e+04  9.72e-02  2.61e-06  3.35e+04  0.00e+00  2.83e-04  2.57e-03  5.36e-02  2.17e-04  1.74e-01  3.89e-01
   18   3.7585e+04   3.6818e+04  8.76e-02  2.38e-06  3.63e+04  0.00e+00  3.07e-04  2.14e-03  5.66e-02  1.96e-04  2.36e-01  1.30e-01
   19   4.3415e+04   4.2897e+04  4.30e-02  1.00e-06  2.49e+04  0.00e+00  2.10e-04  1.53e-03  4.00e-02  9.61e-05  1.66e-01  6.11e-01
   20   4.6564e+04   4.6033e+04  2.85e-02  6.18e-07  2.61e+04  0.00e+00  2.21e-04  9.67e-04  3.91e-02  6.36e-05  2.14e-01  4.30e-01
   21   5.2571e+04   5.2174e+04  1.83e-02  3.51e-07  1.98e+04  0.00e+00  1.67e-04  8.21e-04  2.93e-02  4.10e-05  1.64e-01  4.26e-01
   22   5.8386e+04   5.8067e+04  1.14e-02  1.96e-07  1.64e+04  0.00e+00  1.39e-04  6.14e-04  2.39e-02  2.54e-05  1.82e-01  4.66e-01
   23   6.3248e+04   6.2995e+04  7.84e-03  1.24e-07  1.33e+04  0.00e+00  1.12e-04  5.24e-04  1.92e-02  1.75e-05  1.95e-01  3.85e-01
   24   6.5312e+04   6.5072e+04  6.46e-03  9.93e-08  1.28e+04  0.00e+00  1.09e-04  4.46e-04  1.83e-02  1.44e-05  2.16e-01  2.24e-01
   25   7.3655e+04   7.3470e+04  3.77e-03  5.13e-08  1.07e+04  0.00e+00  9.03e-05  3.13e-04  1.50e-02  8.42e-06  1.74e-01  5.05e-01
   26   7.8778e+04   7.8621e+04  2.66e-03  3.38e-08  9.74e+03  0.00e+00  8.23e-05  2.42e-04  1.36e-02  5.94e-06  2.18e-01  3.77e-01
   27   8.3982e+04   8.3849e+04  2.09e-03  2.50e-08  8.52e+03  0.00e+00  7.20e-05  2.18e-04  1.17e-02  4.68e-06  1.85e-01  2.60e-01
   28   9.0709e+04   9.0603e+04  1.55e-03  1.71e-08  7.18e+03  0.00e+00  6.07e-05  1.91e-04  9.93e-03  3.46e-06  2.20e-01  3.34e-01
   29   9.8900e+04   9.8828e+04  9.87e-04  9.99e-09  5.60e+03  0.00e+00  4.74e-05  1.56e-04  7.86e-03  2.21e-06  1.91e-01  4.47e-01
   30   1.0620e+05   1.0614e+05  7.30e-04  6.87e-09  5.02e+03  0.00e+00  4.25e-05  1.29e-04  6.99e-03  1.63e-06  2.13e-01  3.31e-01
   31   1.1533e+05   1.1530e+05  4.83e-04  4.19e-09  4.33e+03  0.00e+00  3.66e-05  9.90e-05  5.97e-03  1.08e-06  1.89e-01  4.17e-01
   32   1.1658e+05   1.1654e+05  4.58e-04  3.93e-09  4.16e+03  0.00e+00  3.51e-05  9.76e-05  5.75e-03  1.02e-06  2.36e-01  6.90e-02
   33   1.2567e+05   1.2566e+05  2.90e-04  2.31e-09  3.06e+03  0.00e+00  2.58e-05  8.41e-05  4.34e-03  6.48e-07  1.72e-01  4.43e-01
   34   1.3276e+05   1.3276e+05  2.08e-04  1.57e-09  2.70e+03  0.00e+00  2.28e-05  6.85e-05  3.81e-03  4.65e-07  2.08e-01  3.55e-01
   35   1.3903e+05   1.3904e+05  1.49e-04  1.07e-09  2.21e+03  0.00e+00  1.87e-05  5.99e-05  3.16e-03  3.34e-07  1.81e-01  3.45e-01
   36   1.5014e+05   1.5016e+05  9.44e-05  6.29e-10  1.97e+03  0.00e+00  1.66e-05  4.26e-05  2.77e-03  2.11e-07  1.86e-01  4.52e-01
   37   1.6132e+05   1.6135e+05  5.73e-05  3.55e-10  1.45e+03  0.00e+00  1.23e-05  3.50e-05  2.07e-03  1.28e-07  1.73e-01  4.75e-01
   38   1.6729e+05   1.6732e+05  4.23e-05  2.53e-10  1.25e+03  0.00e+00  1.05e-05  3.01e-05  1.76e-03  9.45e-08  2.00e-01  3.28e-01
   39   1.7809e+05   1.7812e+05  2.47e-05  1.39e-10  8.75e+02  0.00e+00  7.40e-06  2.50e-05  1.27e-03  5.52e-08  1.67e-01  5.00e-01
   40   1.8290e+05   1.8293e+05  1.84e-05  1.01e-10  7.38e+02  0.00e+00  6.24e-06  2.21e-05  1.09e-03  4.11e-08  2.23e-01  3.28e-01
   41   1.9168e+05   1.9170e+05  1.13e-05  5.88e-11  5.20e+02  0.00e+00  4.40e-06  1.92e-05  7.58e-04  2.52e-08  1.43e-01  4.52e-01
   42   1.9773e+05   1.9776e+05  7.81e-06  3.95e-11  4.05e+02  0.00e+00  3.43e-06  1.71e-05  6.09e-04  1.75e-08  2.10e-01  3.89e-01
   43   2.0113e+05   2.0116e+05  6.22e-06  3.09e-11  3.54e+02  0.00e+00  3.00e-06  1.56e-05  5.24e-04  1.39e-08  2.19e-01  2.60e-01
   44   2.0307e+05   2.0310e+05  5.51e-06  2.72e-11  3.16e+02  0.00e+00  2.67e-06  1.55e-05  4.68e-04  1.23e-08  1.74e-01  1.38e-01
   45   2.0678e+05   2.0680e+05  4.23e-06  2.05e-11  2.46e+02  0.00e+00  2.08e-06  1.53e-05  3.69e-04  9.46e-09  2.40e-01  3.05e-01
   46   2.0813e+05   2.0815e+05  3.74e-06  1.80e-11  2.30e+02  0.00e+00  1.95e-06  1.44e-05  3.44e-04  8.36e-09  1.97e-01  1.45e-01
   47   2.1161e+05   2.1163e+05  2.62e-06  1.24e-11  1.77e+02  0.00e+00  1.50e-06  1.31e-05  2.70e-04  5.87e-09  1.93e-01  3.70e-01
   48   2.1559e+05   2.1560e+05  1.66e-06  7.69e-12  1.13e+02  0.00e+00  9.58e-07  1.30e-05  1.75e-04  3.70e-09  1.68e-01  4.43e-01
   49   2.1704e+05   2.1705e+05  1.24e-06  5.71e-12  9.11e+01  0.00e+00  7.70e-07  1.21e-05  1.42e-04  2.77e-09  2.15e-01  3.21e-01
   50   2.1893e+05   2.1894e+05  8.54e-07  3.90e-12  6.65e+01  0.00e+00  5.63e-07  1.14e-05  1.06e-04  1.91e-09  1.59e-01  3.70e-01
   51   2.1896e+05   2.1897e+05  8.48e-07  3.87e-12  6.61e+01  0.00e+00  5.59e-07  1.14e-05  1.05e-04  1.90e-09  1.66e-01  8.20e-03

status is NumericalFailure after 51 iterations and 22.778 seconds

took 26.958071015 seconds
┌ Warning: very small alpha
└ @ Hypatia.Solvers ~/.julia/dev/Hypatia/src/Solvers/stepper.jl:211
┌ Warning: Hypatia status NumericalFailure not handled
└ @ Hypatia ~/.julia/dev/Hypatia/src/MathOptInterface/wrapper.jl:530


instance enpro56
ran at: 2020-05-12T21:22:16.447
with solver: hypatia, system solver: qrchol_dense
number type : BigFloat


reading instance and constructing model...
took 1.383508723 seconds
building model...
took 10.102689851 seconds

solving model...

 iter        p_obj        d_obj   abs_gap   rel_gap    x_feas    y_feas    z_feas       tau       kap        mu     gamma     alpha
    0   2.1300e+03  -6.5468e+03  4.47e+02       NaN  3.97e+05  0.00e+00  3.35e-03  1.00e+00  1.00e+00  1.00e+00
    1   1.6611e+03  -6.8779e+03  1.63e+02       NaN  3.91e+05  0.00e+00  3.30e-03  3.72e-01  9.89e-01  3.66e-01  1.25e-01  7.25e-01
    2   1.0599e+03  -6.7602e+03  8.52e+01       NaN  3.58e+05  0.00e+00  3.02e-03  2.11e-01  9.16e-01  1.91e-01  1.92e-01  5.93e-01
    3   1.1080e+03  -6.7270e+03  8.33e+01       NaN  3.58e+05  0.00e+00  3.03e-03  2.06e-01  9.14e-01  1.86e-01  2.23e-01  2.91e-02
    4   1.5651e+03  -5.0138e+03  4.79e+01       NaN  3.01e+05  0.00e+00  2.55e-03  1.41e-01  7.43e-01  1.07e-01  1.51e-01  5.00e-01
    5   2.4377e+03  -2.4885e+03  2.18e+01       NaN  2.25e+05  0.00e+00  1.91e-03  8.59e-02  5.22e-01  4.88e-02  1.86e-01  6.69e-01
    6   2.3582e+03  -2.8078e+03  1.96e+01       NaN  2.37e+05  0.00e+00  2.00e-03  7.36e-02  5.33e-01  4.38e-02  2.23e-01  1.31e-01
    7   4.0192e+03  -4.8737e+02  8.50e+00       NaN  2.07e+05  0.00e+00  1.75e-03  3.65e-02  4.38e-01  1.90e-02  1.53e-01  6.69e-01
    8   6.8486e+03   3.3926e+03  3.77e+00  1.11e-03  1.59e+05  0.00e+00  1.34e-03  2.11e-02  3.23e-01  8.43e-03  1.68e-01  6.69e-01
    9   6.5308e+03   2.8524e+03  3.15e+00  1.11e-03  1.69e+05  0.00e+00  1.43e-03  1.65e-02  3.33e-01  7.05e-03  2.17e-01  2.09e-01
   10   8.6555e+03   5.7151e+03  2.52e+00  4.41e-04  1.35e+05  0.00e+00  1.14e-03  1.65e-02  2.52e-01  5.63e-03  2.18e-01  2.57e-01
   11   1.2603e+04   1.0202e+04  1.16e+00  1.13e-04  1.11e+05  0.00e+00  9.37e-04  9.25e-03  2.03e-01  2.58e-03  1.99e-01  6.76e-01
   12   1.3487e+04   1.1033e+04  9.36e-01  8.49e-05  1.13e+05  0.00e+00  9.59e-04  7.32e-03  1.99e-01  2.09e-03  2.17e-01  2.42e-01
   13   1.9565e+04   1.7802e+04  4.86e-01  2.73e-05  8.18e+04  0.00e+00  6.92e-04  5.27e-03  1.39e-01  1.09e-03  1.80e-01  5.87e-01
   14   2.1487e+04   1.9901e+04  4.10e-01  2.06e-05  7.36e+04  0.00e+00  6.23e-04  4.94e-03  1.22e-01  9.18e-04  1.93e-01  1.92e-01
   15   2.6328e+04   2.5088e+04  2.41e-01  9.62e-06  5.78e+04  0.00e+00  4.89e-04  3.70e-03  9.36e-02  5.40e-04  1.84e-01  5.05e-01
   16   3.4351e+04   3.3392e+04  1.43e-01  4.29e-06  4.50e+04  0.00e+00  3.80e-04  2.83e-03  7.08e-02  3.20e-04  1.78e-01  4.95e-01
   17   3.7963e+04   3.7251e+04  9.72e-02  2.61e-06  3.35e+04  0.00e+00  2.83e-04  2.57e-03  5.36e-02  2.17e-04  1.74e-01  3.89e-01
   18   3.7585e+04   3.6818e+04  8.76e-02  2.38e-06  3.63e+04  0.00e+00  3.07e-04  2.14e-03  5.66e-02  1.96e-04  2.36e-01  1.30e-01
   19   4.3415e+04   4.2897e+04  4.30e-02  1.00e-06  2.49e+04  0.00e+00  2.10e-04  1.53e-03  4.00e-02  9.61e-05  1.66e-01  6.11e-01
   20   4.6567e+04   4.6037e+04  2.85e-02  6.18e-07  2.61e+04  0.00e+00  2.21e-04  9.67e-04  3.91e-02  6.36e-05  2.14e-01  4.30e-01
   21   5.2573e+04   5.2176e+04  1.83e-02  3.51e-07  1.98e+04  0.00e+00  1.67e-04  8.22e-04  2.93e-02  4.10e-05  1.64e-01  4.26e-01
   22   5.8386e+04   5.8066e+04  1.14e-02  1.96e-07  1.64e+04  0.00e+00  1.39e-04  6.14e-04  2.39e-02  2.54e-05  1.82e-01  4.66e-01
   23   6.3244e+04   6.2991e+04  7.84e-03  1.24e-07  1.33e+04  0.00e+00  1.12e-04  5.24e-04  1.92e-02  1.75e-05  1.96e-01  3.85e-01
   24   6.5270e+04   6.5029e+04  6.48e-03  9.96e-08  1.28e+04  0.00e+00  1.09e-04  4.47e-04  1.83e-02  1.45e-05  2.17e-01  2.21e-01
   25   7.3610e+04   7.3425e+04  3.78e-03  5.15e-08  1.07e+04  0.00e+00  9.03e-05  3.14e-04  1.51e-02  8.44e-06  1.74e-01  5.05e-01
   26   7.8829e+04   7.8672e+04  2.65e-03  3.37e-08  9.72e+03  0.00e+00  8.22e-05  2.42e-04  1.36e-02  5.93e-06  2.18e-01  3.81e-01
   27   8.3910e+04   8.3777e+04  2.10e-03  2.51e-08  8.53e+03  0.00e+00  7.22e-05  2.18e-04  1.18e-02  4.70e-06  1.85e-01  2.55e-01
   28   8.9401e+04   8.9291e+04  1.65e-03  1.84e-08  7.44e+03  0.00e+00  6.29e-05  1.96e-04  1.03e-02  3.68e-06  2.29e-01  2.82e-01
   29   9.7430e+04   9.7352e+04  1.06e-03  1.09e-08  5.90e+03  0.00e+00  4.98e-05  1.60e-04  8.20e-03  2.38e-06  1.80e-01  4.30e-01
   30   1.0267e+05   1.0261e+05  7.86e-04  7.66e-09  5.59e+03  0.00e+00  4.72e-05  1.25e-04  7.67e-03  1.76e-06  2.17e-01  3.34e-01
   31   1.1371e+05   1.1367e+05  5.37e-04  4.73e-09  4.45e+03  0.00e+00  3.76e-05  1.07e-04  5.98e-03  1.20e-06  1.53e-01  3.73e-01
   32   1.1574e+05   1.1571e+05  4.86e-04  4.20e-09  4.23e+03  0.00e+00  3.57e-05  1.02e-04  5.69e-03  1.09e-06  2.33e-01  1.24e-01
   33   1.2724e+05   1.2723e+05  2.63e-04  2.07e-09  2.91e+03  0.00e+00  2.46e-05  8.01e-05  4.09e-03  5.88e-07  1.61e-01  5.47e-01
   34   1.2733e+05   1.2732e+05  2.46e-04  1.93e-09  3.07e+03  0.00e+00  2.60e-05  7.10e-05  4.27e-03  5.50e-07  2.36e-01  8.41e-02
   35   1.3199e+05   1.3198e+05  2.04e-04  1.55e-09  2.73e+03  0.00e+00  2.31e-05  6.64e-05  3.79e-03  4.57e-07  1.98e-01  2.13e-01
   36   1.3697e+05   1.3697e+05  1.62e-04  1.18e-09  2.30e+03  0.00e+00  1.95e-05  6.22e-05  3.26e-03  3.61e-07  2.35e-01  2.73e-01
   37   1.4875e+05   1.4877e+05  1.05e-04  7.06e-10  2.19e+03  0.00e+00  1.85e-05  4.26e-05  3.03e-03  2.35e-07  2.01e-01  4.39e-01
   38   1.5340e+05   1.5342e+05  8.72e-05  5.68e-10  1.93e+03  0.00e+00  1.63e-05  4.00e-05  2.67e-03  1.95e-07  1.80e-01  2.06e-01
   39   1.5419e+05   1.5421e+05  8.44e-05  5.47e-10  1.88e+03  0.00e+00  1.59e-05  3.99e-05  2.60e-03  1.89e-07  2.42e-01  4.22e-02
   40   1.6162e+05   1.6165e+05  5.87e-05  3.63e-10  1.44e+03  0.00e+00  1.21e-05  3.62e-05  2.02e-03  1.31e-07  1.67e-01  3.66e-01
   41   1.6311e+05   1.6315e+05  5.05e-05  3.09e-10  1.47e+03  0.00e+00  1.24e-05  3.04e-05  2.04e-03  1.13e-07  2.28e-01  1.81e-01
   42   1.7235e+05   1.7238e+05  3.33e-05  1.93e-10  1.10e+03  0.00e+00  9.26e-06  2.69e-05  1.55e-03  7.44e-08  1.66e-01  4.09e-01
   43   1.8226e+05   1.8228e+05  2.12e-05  1.16e-10  7.45e+02  0.00e+00  6.30e-06  2.52e-05  1.06e-03  4.74e-08  1.72e-01  4.39e-01
   44   1.8824e+05   1.8827e+05  1.51e-05  8.00e-11  6.43e+02  0.00e+00  5.44e-06  2.08e-05  9.23e-04  3.37e-08  2.17e-01  3.70e-01
   45   1.9513e+05   1.9516e+05  9.72e-06  4.98e-11  4.53e+02  0.00e+00  3.83e-06  1.90e-05  6.59e-04  2.17e-08  1.51e-01  4.17e-01
   46   1.9588e+05   1.9592e+05  8.51e-06  4.34e-11  5.09e+02  0.00e+00  4.30e-06  1.48e-05  7.18e-04  1.90e-08  2.36e-01  1.64e-01
   47   2.0011e+05   2.0014e+05  6.74e-06  3.37e-11  4.20e+02  0.00e+00  3.55e-06  1.42e-05  5.88e-04  1.51e-08  1.62e-01  2.47e-01
   48   2.1106e+05   2.1108e+05  3.02e-06  1.43e-11  2.08e+02  0.00e+00  1.76e-06  1.29e-05  3.09e-04  6.75e-09  1.66e-01  6.62e-01
   49   2.1551e+05   2.1552e+05  1.70e-06  7.87e-12  1.26e+02  0.00e+00  1.06e-06  1.19e-05  2.02e-04  3.79e-09  1.90e-01  5.42e-01
   50   2.1915e+05   2.1916e+05  8.92e-07  4.07e-12  6.85e+01  0.00e+00  5.79e-07  1.16e-05  1.15e-04  1.99e-09  1.77e-01  5.75e-01
   51   2.2032e+05   2.2033e+05  6.46e-07  2.93e-12  5.13e+01  0.00e+00  4.34e-07  1.12e-05  8.84e-05  1.44e-09  1.82e-01  3.38e-01
   52   2.2230e+05   2.2230e+05  2.83e-07  1.27e-12  2.27e+01  0.00e+00  1.92e-07  1.10e-05  4.13e-05  6.33e-10  1.35e-01  6.49e-01
   53   2.2268e+05   2.2268e+05  2.15e-07  9.65e-13  1.78e+01  0.00e+00  1.50e-07  1.07e-05  3.32e-05  4.80e-10  2.18e-01  3.09e-01
   54   2.2339e+05   2.2340e+05  1.02e-07  4.56e-13  8.48e+00  0.00e+00  7.17e-08  1.07e-05  1.61e-05  2.28e-10  5.88e-02  5.58e-01
   55   2.2367e+05   2.2367e+05  5.95e-08  2.66e-13  4.94e+00  0.00e+00  4.18e-08  1.07e-05  9.39e-06  1.33e-10  3.00e-02  4.30e-01
   56   2.2376e+05   2.2376e+05  4.55e-08  2.03e-13  3.76e+00  0.00e+00  3.18e-08  1.07e-05  7.26e-06  1.02e-10  1.77e-01  2.85e-01
   57   2.2399e+05   2.2399e+05  1.06e-08  4.73e-14  8.82e-01  0.00e+00  7.45e-09  1.07e-05  2.00e-06  2.37e-11  1.52e-01  9.04e-01
   58   2.2402e+05   2.2402e+05  5.74e-09  2.56e-14  4.77e-01  0.00e+00  4.04e-09  1.07e-05  1.10e-06  1.28e-11  1.28e-01  5.26e-01
   59   2.2404e+05   2.2404e+05  3.46e-09  1.55e-14  2.88e-01  0.00e+00  2.43e-09  1.07e-05  6.68e-07  7.75e-12  1.31e-01  4.57e-01
   60   2.2405e+05   2.2405e+05  2.19e-09  9.79e-15  1.82e-01  0.00e+00  1.54e-09  1.07e-05  4.25e-07  4.91e-12  1.56e-01  4.34e-01
   61   2.2405e+05   2.2405e+05  1.60e-09  7.14e-15  1.33e-01  0.00e+00  1.12e-09  1.07e-05  3.12e-07  3.58e-12  2.05e-01  3.41e-01
   62   2.2406e+05   2.2406e+05  3.21e-10  1.43e-15  2.66e-02  0.00e+00  2.25e-10  1.07e-05  6.57e-08  7.18e-13  1.59e-01  9.51e-01
   63   2.2406e+05   2.2406e+05  1.75e-10  7.80e-16  1.45e-02  0.00e+00  1.23e-10  1.07e-05  3.59e-08  3.91e-13  1.25e-01  5.20e-01
   64   2.2406e+05   2.2406e+05  7.27e-11  3.25e-16  6.04e-03  0.00e+00  5.11e-11  1.07e-05  1.50e-08  1.63e-13  1.78e-01  7.10e-01
   65   2.2406e+05   2.2406e+05  4.36e-11  1.95e-16  3.62e-03  0.00e+00  3.06e-11  1.07e-05  9.01e-09  9.75e-14  1.30e-01  4.61e-01
   66   2.2406e+05   2.2406e+05  3.11e-11  1.39e-16  2.58e-03  0.00e+00  2.18e-11  1.07e-05  6.42e-09  6.95e-14  1.10e-02  2.90e-01
   67   2.2406e+05   2.2406e+05  2.50e-12  1.12e-17  2.08e-04  0.00e+00  1.76e-12  1.07e-05  5.20e-10  5.59e-15  1.34e-02  9.32e-01
   68   2.2406e+05   2.2406e+05  1.32e-12  5.89e-18  1.10e-04  0.00e+00  9.34e-13  1.06e-05  2.77e-10  2.95e-15  1.83e-01  5.75e-01
   69   2.2406e+05   2.2406e+05  1.29e-12  5.74e-18  1.08e-04  0.00e+00  9.10e-13  1.06e-05  2.69e-10  2.88e-15  2.43e-01  3.45e-02
   70   2.2406e+05   2.2406e+05  3.11e-13  1.39e-18  2.61e-05  0.00e+00  2.21e-13  1.06e-05  6.54e-11  6.97e-16  1.71e-01  9.13e-01
   71   2.2406e+05   2.2406e+05  9.98e-14  4.45e-19  8.37e-06  0.00e+00  7.08e-14  1.06e-05  2.10e-11  2.23e-16  3.41e-02  7.03e-01
   72   2.2406e+05   2.2406e+05  9.93e-14  4.43e-19  8.32e-06  0.00e+00  7.04e-14  1.06e-05  2.09e-11  2.22e-16  2.50e-01  7.26e-03

status is NumericalFailure after 72 iterations and 150.144 seconds

took 155.661826349 seconds
┌ Warning: very small alpha
└ @ Hypatia.Solvers ~/.julia/dev/Hypatia/src/Solvers/stepper.jl:211
┌ Warning: Hypatia status NumericalFailure not handled
└ @ Hypatia ~/.julia/dev/Hypatia/src/MathOptInterface/wrapper.jl:530


instance enpro56
ran at: 2020-05-12T22:43:09.945
with solver: hypatia, system solver: qrchol_dense
number type : BigFloat


reading instance and constructing model...
took 1.385703733 seconds
building model...
took 10.106768566 seconds

solving model...

 iter        p_obj        d_obj   abs_gap   rel_gap    x_feas    y_feas    z_feas       tau       kap        mu     gamma     alpha
    0   2.1300e+03  -6.5468e+03  4.47e+02       NaN  3.97e+05  0.00e+00  3.35e-03  1.00e+00  1.00e+00  1.00e+00
    1   1.6611e+03  -6.8779e+03  1.63e+02       NaN  3.91e+05  0.00e+00  3.30e-03  3.72e-01  9.89e-01  3.66e-01  1.25e-01  7.25e-01
    2   1.0599e+03  -6.7602e+03  8.52e+01       NaN  3.58e+05  0.00e+00  3.02e-03  2.11e-01  9.16e-01  1.91e-01  1.92e-01  5.93e-01
    3   1.1080e+03  -6.7270e+03  8.33e+01       NaN  3.58e+05  0.00e+00  3.03e-03  2.06e-01  9.14e-01  1.86e-01  2.23e-01  2.91e-02
    4   1.5651e+03  -5.0138e+03  4.79e+01       NaN  3.01e+05  0.00e+00  2.55e-03  1.41e-01  7.43e-01  1.07e-01  1.51e-01  5.00e-01
    5   2.4377e+03  -2.4885e+03  2.18e+01       NaN  2.25e+05  0.00e+00  1.91e-03  8.59e-02  5.22e-01  4.88e-02  1.86e-01  6.69e-01
    6   2.3582e+03  -2.8078e+03  1.96e+01       NaN  2.37e+05  0.00e+00  2.00e-03  7.36e-02  5.33e-01  4.38e-02  2.23e-01  1.31e-01
    7   4.0192e+03  -4.8737e+02  8.50e+00       NaN  2.07e+05  0.00e+00  1.75e-03  3.65e-02  4.38e-01  1.90e-02  1.53e-01  6.69e-01
    8   6.8486e+03   3.3926e+03  3.77e+00  1.11e-03  1.59e+05  0.00e+00  1.34e-03  2.11e-02  3.23e-01  8.43e-03  1.68e-01  6.69e-01
    9   6.5308e+03   2.8524e+03  3.15e+00  1.11e-03  1.69e+05  0.00e+00  1.43e-03  1.65e-02  3.33e-01  7.05e-03  2.17e-01  2.09e-01
   10   8.6555e+03   5.7151e+03  2.52e+00  4.41e-04  1.35e+05  0.00e+00  1.14e-03  1.65e-02  2.52e-01  5.63e-03  2.18e-01  2.57e-01
   11   1.2603e+04   1.0202e+04  1.16e+00  1.13e-04  1.11e+05  0.00e+00  9.37e-04  9.25e-03  2.03e-01  2.58e-03  1.99e-01  6.76e-01
   12   1.3487e+04   1.1033e+04  9.36e-01  8.49e-05  1.13e+05  0.00e+00  9.59e-04  7.32e-03  1.99e-01  2.09e-03  2.17e-01  2.42e-01
   13   1.9565e+04   1.7802e+04  4.86e-01  2.73e-05  8.18e+04  0.00e+00  6.92e-04  5.27e-03  1.39e-01  1.09e-03  1.80e-01  5.87e-01
   14   2.1487e+04   1.9901e+04  4.10e-01  2.06e-05  7.36e+04  0.00e+00  6.23e-04  4.94e-03  1.22e-01  9.18e-04  1.93e-01  1.92e-01
   15   2.6328e+04   2.5088e+04  2.41e-01  9.62e-06  5.78e+04  0.00e+00  4.89e-04  3.70e-03  9.36e-02  5.40e-04  1.84e-01  5.05e-01
   16   3.4351e+04   3.3392e+04  1.43e-01  4.29e-06  4.50e+04  0.00e+00  3.80e-04  2.83e-03  7.08e-02  3.20e-04  1.78e-01  4.95e-01
   17   3.7963e+04   3.7251e+04  9.72e-02  2.61e-06  3.35e+04  0.00e+00  2.83e-04  2.57e-03  5.36e-02  2.17e-04  1.74e-01  3.89e-01
   18   3.7585e+04   3.6818e+04  8.76e-02  2.38e-06  3.63e+04  0.00e+00  3.07e-04  2.14e-03  5.66e-02  1.96e-04  2.36e-01  1.30e-01
   19   4.3415e+04   4.2897e+04  4.30e-02  1.00e-06  2.49e+04  0.00e+00  2.10e-04  1.53e-03  4.00e-02  9.61e-05  1.66e-01  6.11e-01
   20   4.6567e+04   4.6036e+04  2.85e-02  6.18e-07  2.61e+04  0.00e+00  2.21e-04  9.67e-04  3.91e-02  6.36e-05  2.14e-01  4.30e-01
   21   5.2573e+04   5.2176e+04  1.83e-02  3.51e-07  1.98e+04  0.00e+00  1.67e-04  8.22e-04  2.93e-02  4.10e-05  1.64e-01  4.26e-01
   22   5.8386e+04   5.8066e+04  1.14e-02  1.96e-07  1.64e+04  0.00e+00  1.39e-04  6.14e-04  2.39e-02  2.54e-05  1.82e-01  4.66e-01
   23   6.3244e+04   6.2991e+04  7.84e-03  1.24e-07  1.33e+04  0.00e+00  1.12e-04  5.24e-04  1.92e-02  1.75e-05  1.96e-01  3.85e-01
   24   6.5271e+04   6.5031e+04  6.48e-03  9.96e-08  1.28e+04  0.00e+00  1.09e-04  4.47e-04  1.83e-02  1.45e-05  2.17e-01  2.21e-01
   25   7.3610e+04   7.3425e+04  3.78e-03  5.15e-08  1.07e+04  0.00e+00  9.03e-05  3.14e-04  1.51e-02  8.44e-06  1.74e-01  5.05e-01
   26   7.8823e+04   7.8667e+04  2.65e-03  3.37e-08  9.72e+03  0.00e+00  8.22e-05  2.42e-04  1.36e-02  5.93e-06  2.18e-01  3.81e-01
   27   8.3851e+04   8.3718e+04  2.11e-03  2.52e-08  8.55e+03  0.00e+00  7.23e-05  2.19e-04  1.18e-02  4.71e-06  1.85e-01  2.52e-01
   28   8.9343e+04   8.9232e+04  1.65e-03  1.85e-08  7.45e+03  0.00e+00  6.30e-05  1.96e-04  1.03e-02  3.68e-06  2.27e-01  2.82e-01
   29   9.7203e+04   9.7124e+04  1.08e-03  1.11e-08  5.92e+03  0.00e+00  5.01e-05  1.62e-04  8.23e-03  2.41e-06  1.80e-01  4.21e-01
   30   1.0224e+05   1.0218e+05  8.10e-04  7.93e-09  5.60e+03  0.00e+00  4.74e-05  1.28e-04  7.68e-03  1.81e-06  2.17e-01  3.18e-01
   31   1.1175e+05   1.1171e+05  5.74e-04  5.14e-09  4.55e+03  0.00e+00  3.84e-05  1.12e-04  6.12e-03  1.28e-06  1.53e-01  3.45e-01
   32   1.2155e+05   1.2153e+05  3.54e-04  2.91e-09  3.56e+03  0.00e+00  3.01e-05  8.81e-05  4.84e-03  7.90e-07  1.77e-01  4.66e-01
   33   1.2686e+05   1.2684e+05  2.79e-04  2.20e-09  3.01e+03  0.00e+00  2.54e-05  8.21e-05  4.12e-03  6.23e-07  2.09e-01  2.68e-01
   34   1.2988e+05   1.2987e+05  2.30e-04  1.77e-09  2.95e+03  0.00e+00  2.49e-05  6.92e-05  4.00e-03  5.13e-07  2.24e-01  2.26e-01
   35   1.3687e+05   1.3687e+05  1.62e-04  1.19e-09  2.25e+03  0.00e+00  1.91e-05  6.38e-05  3.11e-03  3.63e-07  1.64e-01  3.52e-01
   36   1.4561e+05   1.4562e+05  1.20e-04  8.27e-10  2.10e+03  0.00e+00  1.77e-05  5.09e-05  2.87e-03  2.69e-07  2.21e-01  3.31e-01
   37   1.5134e+05   1.5135e+05  9.25e-05  6.11e-10  1.75e+03  0.00e+00  1.48e-05  4.69e-05  2.40e-03  2.07e-07  1.77e-01  2.82e-01
   38   1.5755e+05   1.5758e+05  6.31e-05  4.00e-10  1.46e+03  0.00e+00  1.23e-05  3.84e-05  2.07e-03  1.41e-07  2.06e-01  4.01e-01
   39   1.6707e+05   1.6709e+05  4.14e-05  2.48e-10  1.16e+03  0.00e+00  9.80e-06  3.17e-05  1.67e-03  9.25e-08  1.84e-01  4.21e-01
   40   1.8068e+05   1.8072e+05  2.36e-05  1.30e-10  8.91e+02  0.00e+00  7.53e-06  2.35e-05  1.30e-03  5.27e-08  1.64e-01  5.15e-01
   41   1.8909e+05   1.8912e+05  1.48e-05  7.82e-11  6.08e+02  0.00e+00  5.14e-06  2.16e-05  8.99e-04  3.30e-08  1.59e-01  4.43e-01
   42   1.9253e+05   1.9256e+05  1.16e-05  6.01e-11  5.28e+02  0.00e+00  4.46e-06  1.94e-05  7.83e-04  2.59e-08  2.14e-01  2.76e-01
   43   1.9924e+05   1.9926e+05  7.32e-06  3.68e-11  3.83e+02  0.00e+00  3.24e-06  1.69e-05  5.76e-04  1.64e-08  1.96e-01  4.57e-01
   44   2.0280e+05   2.0282e+05  5.69e-06  2.81e-11  3.19e+02  0.00e+00  2.70e-06  1.58e-05  4.77e-04  1.27e-08  2.02e-01  2.79e-01
   45   2.0784e+05   2.0786e+05  3.83e-06  1.84e-11  2.22e+02  0.00e+00  1.88e-06  1.53e-05  3.29e-04  8.55e-09  1.56e-01  3.89e-01
   46   2.0929e+05   2.0931e+05  3.21e-06  1.53e-11  2.13e+02  0.00e+00  1.80e-06  1.34e-05  3.15e-04  7.18e-09  2.31e-01  2.08e-01
   47   2.1695e+05   2.1696e+05  1.32e-06  6.07e-12  1.02e+02  0.00e+00  8.65e-07  1.14e-05  1.69e-04  2.94e-09  1.78e-01  7.18e-01
   48   2.1923e+05   2.1924e+05  8.50e-07  3.88e-12  6.33e+01  0.00e+00  5.35e-07  1.19e-05  1.03e-04  1.90e-09  1.50e-01  4.17e-01
   49   2.2059e+05   2.2059e+05  5.69e-07  2.58e-12  4.41e+01  0.00e+00  3.73e-07  1.15e-05  7.46e-05  1.27e-09  2.00e-01  4.13e-01
   50   2.2221e+05   2.2221e+05  2.97e-07  1.34e-12  2.29e+01  0.00e+00  1.93e-07  1.15e-05  3.92e-05  6.65e-10  1.26e-01  5.47e-01
   51   2.2267e+05   2.2267e+05  2.06e-07  9.26e-13  1.66e+01  0.00e+00  1.40e-07  1.10e-05  2.94e-05  4.61e-10  1.97e-01  3.81e-01
   52   2.2334e+05   2.2335e+05  1.04e-07  4.67e-13  8.34e+00  0.00e+00  7.05e-08  1.11e-05  1.51e-05  2.33e-10  1.14e-01  5.58e-01
   53   2.2341e+05   2.2341e+05  9.29e-08  4.16e-13  7.56e+00  0.00e+00  6.39e-08  1.09e-05  1.39e-05  2.08e-10  2.33e-01  1.42e-01
   54   2.2388e+05   2.2389e+05  2.52e-08  1.12e-13  2.08e+00  0.00e+00  1.76e-08  1.07e-05  4.29e-06  5.63e-11  1.26e-01  8.34e-01
   55   2.2403e+05   2.2403e+05  4.98e-09  2.22e-14  4.13e-01  0.00e+00  3.49e-09  1.07e-05  8.76e-07  1.11e-11  3.85e-02  8.34e-01
   56   2.2403e+05   2.2403e+05  3.89e-09  1.74e-14  3.22e-01  0.00e+00  2.73e-09  1.07e-05  6.85e-07  8.70e-12  7.35e-02  2.35e-01
   57   2.2406e+05   2.2406e+05  9.63e-10  4.30e-15  7.98e-02  0.00e+00  6.75e-10  1.07e-05  1.76e-07  2.15e-12  7.05e-02  8.10e-01
   58   2.2406e+05   2.2406e+05  8.41e-10  3.75e-15  6.97e-02  0.00e+00  5.90e-10  1.07e-05  1.55e-07  1.88e-12  2.19e-01  1.62e-01
   59   2.2406e+05   2.2406e+05  1.58e-10  7.05e-16  1.31e-02  0.00e+00  1.11e-10  1.07e-05  3.26e-08  3.53e-13  1.71e-01  9.80e-01
   60   2.2406e+05   2.2406e+05  2.81e-11  1.25e-16  2.33e-03  0.00e+00  1.97e-11  1.07e-05  5.79e-09  6.28e-14  4.54e-03  8.26e-01
   61   2.2406e+05   2.2406e+05  1.87e-11  8.36e-17  1.57e-03  0.00e+00  1.32e-11  1.07e-05  3.89e-09  4.19e-14  1.84e-01  4.05e-01
   62   2.2406e+05   2.2406e+05  1.09e-12  4.85e-18  9.05e-05  0.00e+00  7.65e-13  1.07e-05  2.24e-10  2.43e-15  3.87e-02  9.80e-01
   63   2.2406e+05   2.2406e+05  7.09e-13  3.16e-18  6.17e-05  0.00e+00  5.22e-13  1.04e-05  1.52e-10  1.59e-15  1.53e-01  3.93e-01
   64   2.2406e+05   2.2406e+05  1.01e-13  4.51e-19  8.78e-06  0.00e+00  7.42e-14  1.05e-05  2.15e-11  2.26e-16  2.80e-03  8.60e-01
   65   2.2406e+05   2.2406e+05  9.93e-14  4.43e-19  8.62e-06  0.00e+00  7.29e-14  1.04e-05  2.11e-11  2.22e-16  2.45e-01  2.40e-02

status is NumericalFailure after 65 iterations and 132.75 seconds

took 138.293668004 seconds
┌ Warning: very small alpha
└ @ Hypatia.Solvers ~/.julia/dev/Hypatia/src/Solvers/stepper.jl:211
┌ Warning: Hypatia status NumericalFailure not handled
└ @ Hypatia ~/.julia/dev/Hypatia/src/MathOptInterface/wrapper.jl:530


instance enpro56
ran at: 2020-05-13T00:20:16.066
with solver: hypatia, system solver: qrchol_dense
number type : BigFloat


reading instance and constructing model...
took 1.38563724 seconds
building model...
took 10.173382781 seconds

solving model...

 iter        p_obj        d_obj   abs_gap   rel_gap    x_feas    y_feas    z_feas       tau       kap        mu     gamma     alpha
    0   2.1300e+03  -6.5468e+03  4.47e+02       NaN  3.97e+05  0.00e+00  3.35e-03  1.00e+00  1.00e+00  1.00e+00
    1   1.6611e+03  -6.8779e+03  1.63e+02       NaN  3.91e+05  0.00e+00  3.30e-03  3.72e-01  9.89e-01  3.66e-01  1.25e-01  7.25e-01
    2   1.0599e+03  -6.7602e+03  8.52e+01       NaN  3.58e+05  0.00e+00  3.02e-03  2.11e-01  9.16e-01  1.91e-01  1.92e-01  5.93e-01
    3   1.1080e+03  -6.7270e+03  8.33e+01       NaN  3.58e+05  0.00e+00  3.03e-03  2.06e-01  9.14e-01  1.86e-01  2.23e-01  2.91e-02
    4   1.5651e+03  -5.0138e+03  4.79e+01       NaN  3.01e+05  0.00e+00  2.55e-03  1.41e-01  7.43e-01  1.07e-01  1.51e-01  5.00e-01
    5   2.4377e+03  -2.4885e+03  2.18e+01       NaN  2.25e+05  0.00e+00  1.91e-03  8.59e-02  5.22e-01  4.88e-02  1.86e-01  6.69e-01
    6   2.3582e+03  -2.8078e+03  1.96e+01       NaN  2.37e+05  0.00e+00  2.00e-03  7.36e-02  5.33e-01  4.38e-02  2.23e-01  1.31e-01
    7   4.0192e+03  -4.8737e+02  8.50e+00       NaN  2.07e+05  0.00e+00  1.75e-03  3.65e-02  4.38e-01  1.90e-02  1.53e-01  6.69e-01
    8   6.8486e+03   3.3926e+03  3.77e+00  1.11e-03  1.59e+05  0.00e+00  1.34e-03  2.11e-02  3.23e-01  8.43e-03  1.68e-01  6.69e-01
    9   6.5308e+03   2.8524e+03  3.15e+00  1.11e-03  1.69e+05  0.00e+00  1.43e-03  1.65e-02  3.33e-01  7.05e-03  2.17e-01  2.09e-01
   10   8.6555e+03   5.7151e+03  2.52e+00  4.41e-04  1.35e+05  0.00e+00  1.14e-03  1.65e-02  2.52e-01  5.63e-03  2.18e-01  2.57e-01
   11   1.2603e+04   1.0202e+04  1.16e+00  1.13e-04  1.11e+05  0.00e+00  9.37e-04  9.25e-03  2.03e-01  2.58e-03  1.99e-01  6.76e-01
   12   1.3487e+04   1.1033e+04  9.36e-01  8.49e-05  1.13e+05  0.00e+00  9.59e-04  7.32e-03  1.99e-01  2.09e-03  2.17e-01  2.42e-01
   13   1.9565e+04   1.7802e+04  4.86e-01  2.73e-05  8.18e+04  0.00e+00  6.92e-04  5.27e-03  1.39e-01  1.09e-03  1.80e-01  5.87e-01
   14   2.1487e+04   1.9901e+04  4.10e-01  2.06e-05  7.36e+04  0.00e+00  6.23e-04  4.94e-03  1.22e-01  9.18e-04  1.93e-01  1.92e-01
   15   2.6328e+04   2.5088e+04  2.41e-01  9.62e-06  5.78e+04  0.00e+00  4.89e-04  3.70e-03  9.36e-02  5.40e-04  1.84e-01  5.05e-01
   16   3.4350e+04   3.3392e+04  1.43e-01  4.29e-06  4.50e+04  0.00e+00  3.80e-04  2.83e-03  7.08e-02  3.20e-04  1.78e-01  4.95e-01
   17   3.7923e+04   3.7208e+04  9.77e-02  2.63e-06  3.36e+04  0.00e+00  2.84e-04  2.58e-03  5.37e-02  2.18e-04  1.74e-01  3.85e-01
   18   3.7798e+04   3.7034e+04  8.59e-02  2.32e-06  3.61e+04  0.00e+00  3.05e-04  2.11e-03  5.62e-02  1.92e-04  2.34e-01  1.57e-01
   19   4.3271e+04   4.2747e+04  4.61e-02  1.08e-06  2.51e+04  0.00e+00  2.12e-04  1.63e-03  3.94e-02  1.03e-04  1.60e-01  5.53e-01
   20   4.3563e+04   4.3015e+04  4.01e-02  9.33e-07  2.64e+04  0.00e+00  2.24e-04  1.35e-03  4.04e-02  8.97e-05  2.26e-01  1.67e-01
   21   4.9879e+04   4.9459e+04  2.31e-02  4.68e-07  2.06e+04  0.00e+00  1.74e-04  9.94e-04  3.10e-02  5.17e-05  1.61e-01  5.05e-01
   22   5.2606e+04   5.2233e+04  1.79e-02  3.43e-07  1.85e+04  0.00e+00  1.57e-04  8.57e-04  2.73e-02  4.00e-05  1.82e-01  2.76e-01
   23   5.7994e+04   5.7682e+04  1.09e-02  1.89e-07  1.60e+04  0.00e+00  1.35e-04  6.03e-04  2.32e-02  2.44e-05  1.93e-01  4.85e-01
   24   6.3382e+04   6.3137e+04  7.28e-03  1.15e-07  1.29e+04  0.00e+00  1.09e-04  5.01e-04  1.85e-02  1.63e-05  1.96e-01  4.13e-01
   25   6.5190e+04   6.4953e+04  6.27e-03  9.66e-08  1.27e+04  0.00e+00  1.07e-04  4.38e-04  1.80e-02  1.40e-05  2.03e-01  1.74e-01
   26   7.0713e+04   7.0514e+04  4.49e-03  6.36e-08  1.11e+04  0.00e+00  9.36e-05  3.59e-04  1.54e-02  1.00e-05  1.89e-01  3.52e-01
   27   7.8158e+04   7.8003e+04  2.76e-03  3.54e-08  9.35e+03  0.00e+00  7.90e-05  2.62e-04  1.28e-02  6.17e-06  1.59e-01  4.57e-01
   28   8.5857e+04   8.5735e+04  1.95e-03  2.28e-08  7.77e+03  0.00e+00  6.57e-05  2.22e-04  1.06e-02  4.36e-06  1.89e-01  3.62e-01
   29   9.3659e+04   9.3565e+04  1.34e-03  1.43e-08  6.60e+03  0.00e+00  5.58e-05  1.79e-04  9.01e-03  2.99e-06  2.06e-01  3.97e-01
   30   9.3746e+04   9.3652e+04  1.33e-03  1.42e-08  6.59e+03  0.00e+00  5.57e-05  1.79e-04  8.99e-03  2.97e-06  1.85e-01  6.77e-03

status is NumericalFailure after 30 iterations and 78.739 seconds

took 84.300499889 seconds
┌ Warning: very small alpha
└ @ Hypatia.Solvers ~/.julia/dev/Hypatia/src/Solvers/stepper.jl:211
┌ Warning: Hypatia status NumericalFailure not handled
└ @ Hypatia ~/.julia/dev/Hypatia/src/MathOptInterface/wrapper.jl:530


instance enpro56
ran at: 2020-05-14T10:42:57.971
with solver: hypatia, system solver: qrchol_dense


reading instance and constructing model...
took 1.350325666 seconds
building model...
took 10.121408685 seconds

solving model...

 iter        p_obj        d_obj   abs_gap   rel_gap    x_feas    y_feas    z_feas       tau       kap        mu     gamma     alpha
    0   2.1300e+03  -6.5468e+03  4.47e+02       NaN  3.97e+05  0.00e+00  3.35e-03  1.00e+00  1.00e+00  1.00e+00
    1   1.6854e+03  -6.8608e+03  1.69e+02       NaN  3.91e+05  0.00e+00  3.30e-03  3.84e-01  9.89e-01  3.78e-01  1.25e-01  7.10e-01
    2   8.3967e+02  -6.9146e+03  7.91e+01       NaN  3.55e+05  0.00e+00  3.00e-03  1.98e-01  9.16e-01  1.77e-01  1.88e-01  6.56e-01
    3   1.0364e+03  -6.2544e+03  6.24e+01       NaN  3.34e+05  0.00e+00  2.82e-03  1.66e-01  8.31e-01  1.40e-01  2.14e-01  2.68e-01
    4   2.2693e+03  -2.4759e+03  1.92e+01       NaN  2.17e+05  0.00e+00  1.84e-03  7.86e-02  5.73e-01  4.30e-02  1.10e-01  7.78e-01
    5   2.2288e+03  -2.6074e+03  1.84e+01       NaN  2.21e+05  0.00e+00  1.87e-03  7.38e-02  5.76e-01  4.12e-02  2.22e-01  5.46e-02
    6   2.2579e+03  -2.5860e+03  1.79e+01       NaN  2.22e+05  0.00e+00  1.88e-03  7.15e-02  5.73e-01  4.00e-02  1.83e-01  3.70e-02
    7   2.3201e+03  -2.5241e+03  1.70e+01       NaN  2.22e+05  0.00e+00  1.88e-03  6.79e-02  5.66e-01  3.80e-02  1.74e-01  6.06e-02
    8   2.5256e+03  -2.2865e+03  1.48e+01       NaN  2.20e+05  0.00e+00  1.86e-03  5.97e-02  5.46e-01  3.32e-02  1.64e-01  1.51e-01
    9   4.6743e+03   5.0825e+02  6.17e+00  1.21e-02  1.91e+05  0.00e+00  1.62e-03  2.86e-02  4.32e-01  1.38e-02  1.61e-01  6.96e-01
   10   6.7230e+03   3.1421e+03  3.69e+00  1.17e-03  1.65e+05  0.00e+00  1.39e-03  1.99e-02  3.46e-01  8.24e-03  1.86e-01  4.95e-01
   11   1.0511e+04   7.7750e+03  1.69e+00  2.17e-04  1.26e+05  0.00e+00  1.07e-03  1.19e-02  2.50e-01  3.77e-03  1.81e-01  6.62e-01
   12   1.4279e+04   1.1934e+04  9.25e-01  7.75e-05  1.08e+05  0.00e+00  9.17e-04  7.56e-03  2.02e-01  2.07e-03  1.82e-01  5.53e-01
   13   2.0719e+04   1.8955e+04  4.73e-01  2.50e-05  8.20e+04  0.00e+00  6.93e-04  5.12e-03  1.47e-01  1.06e-03  1.84e-01  5.99e-01
   14   2.3839e+04   2.2297e+04  3.32e-01  1.49e-05  7.19e+04  0.00e+00  6.08e-04  4.09e-03  1.24e-01  7.41e-04  2.08e-01  3.77e-01
   15   2.9671e+04   2.8454e+04  1.84e-01  6.45e-06  5.72e+04  0.00e+00  4.84e-04  2.85e-03  9.71e-02  4.11e-04  1.84e-01  5.47e-01
   16   3.6478e+04   3.5645e+04  1.11e-01  3.11e-06  3.92e+04  0.00e+00  3.32e-04  2.50e-03  6.54e-02  2.48e-04  1.66e-01  4.75e-01
   17   4.1846e+04   4.1233e+04  5.78e-02  1.40e-06  2.93e+04  0.00e+00  2.48e-04  1.75e-03  5.05e-02  1.29e-04  2.02e-01  5.99e-01
   18   4.7560e+04   4.7102e+04  3.16e-02  6.70e-07  2.23e+04  0.00e+00  1.89e-04  1.26e-03  3.78e-02  7.06e-05  1.78e-01  5.53e-01
   19   5.1199e+04   5.0816e+04  2.17e-02  4.26e-07  1.89e+04  0.00e+00  1.60e-04  1.02e-03  3.11e-02  4.84e-05  1.84e-01  3.85e-01
   20   5.1686e+04   5.1304e+04  1.95e-02  3.80e-07  1.90e+04  0.00e+00  1.61e-04  9.09e-04  3.07e-02  4.35e-05  2.19e-01  1.29e-01
   21   5.3994e+04   5.3647e+04  1.54e-02  2.86e-07  1.75e+04  0.00e+00  1.48e-04  7.80e-04  2.74e-02  3.43e-05  1.95e-01  2.63e-01
   22   5.6489e+04   5.6161e+04  1.21e-02  2.15e-07  1.69e+04  0.00e+00  1.43e-04  6.36e-04  2.58e-02  2.70e-05  2.14e-01  2.71e-01
   23   6.2215e+04   6.1962e+04  7.78e-03  1.25e-07  1.34e+04  0.00e+00  1.13e-04  5.16e-04  2.01e-02  1.74e-05  2.02e-01  4.47e-01
   24   6.9243e+04   6.9046e+04  4.88e-03  7.07e-08  1.09e+04  0.00e+00  9.20e-05  3.98e-04  1.61e-02  1.09e-05  1.86e-01  4.57e-01
   25   7.4318e+04   7.4137e+04  3.63e-03  4.89e-08  1.06e+04  0.00e+00  8.92e-05  3.05e-04  1.52e-02  8.11e-06  2.06e-01  3.24e-01
   26   8.0973e+04   8.0832e+04  2.47e-03  3.06e-08  8.67e+03  0.00e+00  7.33e-05  2.53e-04  1.23e-02  5.52e-06  1.64e-01  3.81e-01
   27   8.8914e+04   8.8807e+04  1.61e-03  1.81e-08  7.30e+03  0.00e+00  6.17e-05  1.95e-04  1.03e-02  3.59e-06  2.02e-01  4.39e-01
   28   8.9819e+04   8.9717e+04  1.41e-03  1.57e-08  7.56e+03  0.00e+00  6.39e-05  1.66e-04  1.05e-02  3.16e-06  2.32e-01  1.57e-01
   29   9.5899e+04   9.5818e+04  1.07e-03  1.12e-08  6.47e+03  0.00e+00  5.47e-05  1.47e-04  8.90e-03  2.39e-06  2.05e-01  3.05e-01
   30   1.0399e+05   1.0393e+05  7.48e-04  7.20e-09  5.63e+03  0.00e+00  4.76e-05  1.18e-04  7.72e-03  1.67e-06  2.11e-01  3.81e-01
   31   1.1829e+05   1.1827e+05  3.85e-04  3.26e-09  4.03e+03  0.00e+00  3.41e-05  8.48e-05  5.88e-03  8.61e-07  1.98e-01  6.05e-01
   32   1.2920e+05   1.2920e+05  2.59e-04  2.00e-09  3.05e+03  0.00e+00  2.58e-05  7.52e-05  4.38e-03  5.78e-07  1.80e-01  4.01e-01
   33   1.3736e+05   1.3736e+05  1.79e-04  1.30e-09  2.40e+03  0.00e+00  2.03e-05  6.62e-05  3.45e-03  4.00e-07  1.92e-01  3.81e-01
   34   1.4006e+05   1.4007e+05  1.56e-04  1.11e-09  2.29e+03  0.00e+00  1.94e-05  6.04e-05  3.27e-03  3.48e-07  2.24e-01  1.67e-01
   35   1.4557e+05   1.4558e+05  1.24e-04  8.54e-10  1.94e+03  0.00e+00  1.64e-05  5.68e-05  2.73e-03  2.78e-07  1.65e-01  2.42e-01
   36   1.5260e+05   1.5261e+05  8.50e-05  5.57e-10  1.67e+03  0.00e+00  1.41e-05  4.51e-05  2.36e-03  1.90e-07  1.88e-01  3.89e-01
   37   1.6119e+05   1.6121e+05  5.33e-05  3.31e-10  1.29e+03  0.00e+00  1.09e-05  3.67e-05  1.90e-03  1.19e-07  1.99e-01  4.66e-01
   38   1.7025e+05   1.7028e+05  3.24e-05  1.90e-10  9.92e+02  0.00e+00  8.39e-06  2.90e-05  1.47e-03  7.24e-08  1.75e-01  4.75e-01
   39   1.8236e+05   1.8239e+05  1.99e-05  1.09e-10  7.28e+02  0.00e+00  6.16e-06  2.42e-05  1.07e-03  4.44e-08  1.77e-01  4.71e-01
   40   1.8852e+05   1.8854e+05  1.47e-05  7.78e-11  5.66e+02  0.00e+00  4.79e-06  2.30e-05  8.23e-04  3.28e-08  1.86e-01  3.21e-01
   41   1.9254e+05   1.9256e+05  1.16e-05  6.04e-11  4.95e+02  0.00e+00  4.19e-06  2.08e-05  7.14e-04  2.60e-08  1.80e-01  2.52e-01
   42   1.9711e+05   1.9713e+05  7.68e-06  3.89e-11  3.82e+02  0.00e+00  3.23e-06  1.78e-05  5.64e-04  1.72e-08  1.85e-01  4.17e-01
   43   2.0044e+05   2.0046e+05  6.52e-06  3.25e-11  3.33e+02  0.00e+00  2.82e-06  1.74e-05  4.86e-04  1.46e-08  1.86e-01  1.85e-01
   44   2.0694e+05   2.0696e+05  4.29e-06  2.07e-11  2.52e+02  0.00e+00  2.13e-06  1.51e-05  3.66e-04  9.58e-09  1.61e-01  4.09e-01
   45   2.1101e+05   2.1103e+05  2.76e-06  1.31e-11  1.73e+02  0.00e+00  1.46e-06  1.42e-05  2.60e-04  6.18e-09  1.66e-01  4.26e-01
   46   2.1424e+05   2.1426e+05  2.05e-06  9.59e-12  1.30e+02  0.00e+00  1.10e-06  1.40e-05  1.95e-04  4.59e-09  1.92e-01  3.18e-01
   47   2.1624e+05   2.1625e+05  1.43e-06  6.62e-12  9.83e+01  0.00e+00  8.31e-07  1.29e-05  1.55e-04  3.20e-09  2.21e-01  3.89e-01
   48   2.1872e+05   2.1872e+05  9.57e-07  4.37e-12  6.78e+01  0.00e+00  5.73e-07  1.25e-05  1.07e-04  2.14e-09  1.80e-01  4.05e-01
   49   2.1941e+05   2.1942e+05  7.86e-07  3.58e-12  5.65e+01  0.00e+00  4.78e-07  1.23e-05  9.14e-05  1.76e-09  2.04e-01  2.24e-01
   50   2.1954e+05   2.1955e+05  7.53e-07  3.43e-12  5.54e+01  0.00e+00  4.69e-07  1.21e-05  8.98e-05  1.68e-09  2.31e-01  5.48e-02
   51   2.2158e+05   2.2158e+05  3.99e-07  1.80e-12  3.14e+01  0.00e+00  2.65e-07  1.13e-05  5.35e-05  8.93e-10  1.59e-01  5.58e-01
   52   2.2206e+05   2.2207e+05  3.16e-07  1.42e-12  2.53e+01  0.00e+00  2.14e-07  1.11e-05  4.36e-05  7.07e-10  1.98e-01  2.60e-01
   53   2.2283e+05   2.2284e+05  1.78e-07  7.98e-13  1.44e+01  0.00e+00  1.22e-07  1.09e-05  2.61e-05  3.98e-10  1.43e-01  5.10e-01
   54   2.2321e+05   2.2321e+05  1.25e-07  5.59e-13  1.00e+01  0.00e+00  8.48e-08  1.10e-05  1.85e-05  2.79e-10  2.01e-01  3.73e-01
   55   2.2338e+05   2.2338e+05  9.73e-08  4.36e-13  7.91e+00  0.00e+00  6.69e-08  1.09e-05  1.49e-05  2.18e-10  2.19e-01  2.82e-01
   56   2.2373e+05   2.2374e+05  4.78e-08  2.13e-13  3.90e+00  0.00e+00  3.29e-08  1.09e-05  7.73e-06  1.07e-10  1.99e-01  6.36e-01
   57   2.2379e+05   2.2380e+05  3.80e-08  1.70e-13  3.11e+00  0.00e+00  2.63e-08  1.08e-05  6.26e-06  8.50e-11  1.92e-01  2.52e-01
   58   2.2389e+05   2.2389e+05  2.55e-08  1.14e-13  2.13e+00  0.00e+00  1.80e-08  1.07e-05  4.42e-06  5.71e-11  2.21e-01  4.21e-01
   59   2.2394e+05   2.2394e+05  1.70e-08  7.58e-14  1.41e+00  0.00e+00  1.20e-08  1.07e-05  2.99e-06  3.80e-11  1.55e-01  3.97e-01
   60   2.2394e+05   2.2394e+05  1.65e-08  7.38e-14  1.38e+00  0.00e+00  1.16e-08  1.07e-05  2.92e-06  3.70e-11  1.21e-01  2.97e-02
   61   2.2395e+05   2.2396e+05  1.49e-08  6.66e-14  1.24e+00  0.00e+00  1.05e-08  1.07e-05  2.63e-06  3.34e-11  9.63e-02  1.08e-01
   62   2.2397e+05   2.2397e+05  1.28e-08  5.71e-14  1.06e+00  0.00e+00  8.97e-09  1.07e-05  2.26e-06  2.86e-11  1.21e-01  1.62e-01
   63   2.2397e+05   2.2397e+05  1.22e-08  5.45e-14  1.01e+00  0.00e+00  8.56e-09  1.07e-05  2.16e-06  2.73e-11  1.34e-02  4.57e-02
   64   2.2397e+05   2.2397e+05  1.21e-08  5.42e-14  1.01e+00  0.00e+00  8.51e-09  1.07e-05  2.14e-06  2.72e-11  8.80e-03  5.94e-03

status is NumericalFailure after 64 iterations and 18.04 seconds

took 21.98474659 seconds
┌ Warning: very small alpha
└ @ Hypatia.Solvers ~/.julia/dev/Hypatia/src/Solvers/stepper.jl:211
┌ Warning: Hypatia status NumericalFailure not handled
└ @ Hypatia ~/.julia/dev/Hypatia/src/MathOptInterface/wrapper.jl:530


instance enpro56
ran at: 2020-05-14T11:42:23.611
with solver: hypatia, system solver: qrchol_dense


reading instance and constructing model...
took 1.351937648 seconds
building model...
took 10.106105485 seconds

solving model...

 iter        p_obj        d_obj   abs_gap   rel_gap    x_feas    y_feas    z_feas       tau       kap        mu     gamma     alpha
    0   2.1300e+03  -6.5468e+03  4.47e+02       NaN  3.97e+05  0.00e+00  3.35e-03  1.00e+00  1.00e+00  1.00e+00
    1   1.6854e+03  -6.8608e+03  1.69e+02       NaN  3.91e+05  0.00e+00  3.30e-03  3.84e-01  9.89e-01  3.78e-01  1.25e-01  7.10e-01
    2   8.3967e+02  -6.9146e+03  7.91e+01       NaN  3.55e+05  0.00e+00  3.00e-03  1.98e-01  9.16e-01  1.77e-01  1.88e-01  6.56e-01
    3   1.0364e+03  -6.2544e+03  6.24e+01       NaN  3.34e+05  0.00e+00  2.82e-03  1.66e-01  8.31e-01  1.40e-01  2.14e-01  2.68e-01
    4   2.2693e+03  -2.4759e+03  1.92e+01       NaN  2.17e+05  0.00e+00  1.84e-03  7.86e-02  5.73e-01  4.30e-02  1.10e-01  7.78e-01
    5   2.2288e+03  -2.6074e+03  1.84e+01       NaN  2.21e+05  0.00e+00  1.87e-03  7.38e-02  5.76e-01  4.12e-02  2.22e-01  5.46e-02
    6   2.2579e+03  -2.5860e+03  1.79e+01       NaN  2.22e+05  0.00e+00  1.88e-03  7.15e-02  5.73e-01  4.00e-02  1.83e-01  3.70e-02
    7   2.3201e+03  -2.5241e+03  1.70e+01       NaN  2.22e+05  0.00e+00  1.88e-03  6.79e-02  5.66e-01  3.80e-02  1.74e-01  6.06e-02
    8   2.5256e+03  -2.2865e+03  1.48e+01       NaN  2.20e+05  0.00e+00  1.86e-03  5.97e-02  5.46e-01  3.32e-02  1.64e-01  1.51e-01
    9   4.6743e+03   5.0825e+02  6.17e+00  1.21e-02  1.91e+05  0.00e+00  1.62e-03  2.86e-02  4.32e-01  1.38e-02  1.61e-01  6.96e-01
   10   6.7230e+03   3.1421e+03  3.69e+00  1.17e-03  1.65e+05  0.00e+00  1.39e-03  1.99e-02  3.46e-01  8.24e-03  1.86e-01  4.95e-01
   11   1.0511e+04   7.7750e+03  1.69e+00  2.17e-04  1.26e+05  0.00e+00  1.07e-03  1.19e-02  2.50e-01  3.77e-03  1.81e-01  6.62e-01
   12   1.4279e+04   1.1934e+04  9.25e-01  7.75e-05  1.08e+05  0.00e+00  9.17e-04  7.56e-03  2.02e-01  2.07e-03  1.82e-01  5.53e-01
   13   2.0719e+04   1.8955e+04  4.73e-01  2.50e-05  8.20e+04  0.00e+00  6.93e-04  5.12e-03  1.47e-01  1.06e-03  1.84e-01  5.99e-01
   14   2.3839e+04   2.2297e+04  3.32e-01  1.49e-05  7.19e+04  0.00e+00  6.08e-04  4.09e-03  1.24e-01  7.41e-04  2.08e-01  3.77e-01
   15   2.9671e+04   2.8454e+04  1.84e-01  6.45e-06  5.72e+04  0.00e+00  4.84e-04  2.85e-03  9.71e-02  4.11e-04  1.84e-01  5.47e-01
   16   3.6478e+04   3.5645e+04  1.11e-01  3.11e-06  3.92e+04  0.00e+00  3.32e-04  2.50e-03  6.54e-02  2.48e-04  1.66e-01  4.75e-01
   17   4.1846e+04   4.1233e+04  5.78e-02  1.40e-06  2.93e+04  0.00e+00  2.48e-04  1.75e-03  5.05e-02  1.29e-04  2.02e-01  5.99e-01
   18   4.7560e+04   4.7102e+04  3.16e-02  6.70e-07  2.23e+04  0.00e+00  1.89e-04  1.26e-03  3.78e-02  7.06e-05  1.78e-01  5.53e-01
   19   5.1199e+04   5.0816e+04  2.17e-02  4.26e-07  1.89e+04  0.00e+00  1.60e-04  1.02e-03  3.11e-02  4.84e-05  1.84e-01  3.85e-01
   20   5.1686e+04   5.1304e+04  1.95e-02  3.80e-07  1.90e+04  0.00e+00  1.61e-04  9.09e-04  3.07e-02  4.35e-05  2.19e-01  1.29e-01
   21   5.3994e+04   5.3647e+04  1.54e-02  2.86e-07  1.75e+04  0.00e+00  1.48e-04  7.80e-04  2.74e-02  3.43e-05  1.95e-01  2.63e-01
   22   5.6489e+04   5.6161e+04  1.21e-02  2.15e-07  1.69e+04  0.00e+00  1.43e-04  6.36e-04  2.58e-02  2.70e-05  2.14e-01  2.71e-01
   23   6.2215e+04   6.1962e+04  7.78e-03  1.25e-07  1.34e+04  0.00e+00  1.13e-04  5.16e-04  2.01e-02  1.74e-05  2.02e-01  4.47e-01
   24   6.9243e+04   6.9046e+04  4.88e-03  7.07e-08  1.09e+04  0.00e+00  9.20e-05  3.98e-04  1.61e-02  1.09e-05  1.86e-01  4.57e-01
   25   7.4318e+04   7.4137e+04  3.63e-03  4.89e-08  1.06e+04  0.00e+00  8.92e-05  3.05e-04  1.52e-02  8.11e-06  2.06e-01  3.24e-01
   26   8.0973e+04   8.0832e+04  2.47e-03  3.06e-08  8.67e+03  0.00e+00  7.33e-05  2.53e-04  1.23e-02  5.52e-06  1.64e-01  3.81e-01
   27   8.8914e+04   8.8807e+04  1.61e-03  1.81e-08  7.30e+03  0.00e+00  6.17e-05  1.95e-04  1.03e-02  3.59e-06  2.02e-01  4.39e-01
   28   8.9818e+04   8.9716e+04  1.41e-03  1.57e-08  7.56e+03  0.00e+00  6.39e-05  1.66e-04  1.05e-02  3.16e-06  2.32e-01  1.57e-01
   29   9.5830e+04   9.5749e+04  1.07e-03  1.12e-08  6.48e+03  0.00e+00  5.48e-05  1.47e-04  8.92e-03  2.40e-06  2.05e-01  3.02e-01
   30   1.0399e+05   1.0393e+05  7.47e-04  7.19e-09  5.63e+03  0.00e+00  4.76e-05  1.18e-04  7.73e-03  1.67e-06  2.11e-01  3.85e-01
   31   1.1744e+05   1.1742e+05  4.03e-04  3.43e-09  4.14e+03  0.00e+00  3.50e-05  8.62e-05  5.98e-03  9.00e-07  1.98e-01  5.75e-01
   32   1.2903e+05   1.2902e+05  2.65e-04  2.05e-09  3.05e+03  0.00e+00  2.58e-05  7.71e-05  4.33e-03  5.92e-07  1.71e-01  4.13e-01
   33   1.3795e+05   1.3795e+05  1.73e-04  1.25e-09  2.38e+03  0.00e+00  2.01e-05  6.45e-05  3.42e-03  3.86e-07  1.92e-01  4.30e-01
   34   1.4067e+05   1.4067e+05  1.51e-04  1.07e-09  2.24e+03  0.00e+00  1.89e-05  5.98e-05  3.20e-03  3.38e-07  2.25e-01  1.62e-01
   35   1.4699e+05   1.4700e+05  1.19e-04  8.11e-10  1.88e+03  0.00e+00  1.59e-05  5.64e-05  2.63e-03  2.66e-07  1.57e-01  2.50e-01
   36   1.5290e+05   1.5291e+05  8.38e-05  5.48e-10  1.64e+03  0.00e+00  1.39e-05  4.53e-05  2.33e-03  1.87e-07  1.97e-01  3.70e-01
   37   1.6063e+05   1.6065e+05  5.43e-05  3.38e-10  1.33e+03  0.00e+00  1.13e-05  3.61e-05  1.92e-03  1.21e-07  1.89e-01  4.34e-01
   38   1.6513e+05   1.6515e+05  4.45e-05  2.69e-10  1.16e+03  0.00e+00  9.78e-06  3.41e-05  1.65e-03  9.94e-08  1.89e-01  2.24e-01
   39   1.7647e+05   1.7650e+05  2.51e-05  1.42e-10  8.97e+02  0.00e+00  7.58e-06  2.49e-05  1.29e-03  5.62e-08  1.89e-01  5.36e-01
   40   1.8382e+05   1.8385e+05  1.82e-05  9.90e-11  7.18e+02  0.00e+00  6.07e-06  2.25e-05  1.02e-03  4.07e-08  1.99e-01  3.45e-01
   41   1.8806e+05   1.8809e+05  1.40e-05  7.42e-11  6.04e+02  0.00e+00  5.11e-06  2.05e-05  8.56e-04  3.12e-08  2.12e-01  2.96e-01
   42   1.9378e+05   1.9381e+05  9.80e-06  5.06e-11  4.65e+02  0.00e+00  3.93e-06  1.87e-05  6.62e-04  2.19e-08  2.02e-01  3.73e-01
   43   1.9713e+05   1.9715e+05  8.03e-06  4.07e-11  4.18e+02  0.00e+00  3.54e-06  1.70e-05  5.90e-04  1.80e-08  2.11e-01  2.28e-01
   44   1.9801e+05   1.9804e+05  7.50e-06  3.79e-11  4.07e+02  0.00e+00  3.44e-06  1.63e-05  5.76e-04  1.68e-08  2.19e-01  8.52e-02
   45   2.0787e+05   2.0790e+05  3.89e-06  1.87e-11  2.62e+02  0.00e+00  2.22e-06  1.31e-05  4.02e-04  8.68e-09  1.88e-01  5.93e-01
   46   2.1381e+05   2.1382e+05  2.16e-06  1.01e-11  1.53e+02  0.00e+00  1.30e-06  1.25e-05  2.44e-04  4.82e-09  1.53e-01  5.26e-01
   47   2.1599e+05   2.1600e+05  1.56e-06  7.24e-12  1.15e+02  0.00e+00  9.70e-07  1.21e-05  1.87e-04  3.49e-09  1.95e-01  3.41e-01
   48   2.1826e+05   2.1827e+05  1.05e-06  4.83e-12  7.98e+01  0.00e+00  6.75e-07  1.17e-05  1.34e-04  2.35e-09  1.61e-01  3.89e-01
   49   2.2069e+05   2.2069e+05  5.51e-07  2.50e-12  4.28e+01  0.00e+00  3.62e-07  1.14e-05  7.65e-05  1.23e-09  1.55e-01  5.64e-01
   50   2.2149e+05   2.2150e+05  4.18e-07  1.89e-12  3.18e+01  0.00e+00  2.69e-07  1.17e-05  5.62e-05  9.34e-10  1.57e-01  2.88e-01
   51   2.2202e+05   2.2202e+05  3.17e-07  1.43e-12  2.48e+01  0.00e+00  2.10e-07  1.13e-05  4.49e-05  7.08e-10  2.16e-01  3.09e-01
   52   2.2257e+05   2.2257e+05  2.29e-07  1.03e-12  1.81e+01  0.00e+00  1.53e-07  1.12e-05  3.31e-05  5.11e-10  2.02e-01  3.48e-01
   53   2.2308e+05   2.2309e+05  1.47e-07  6.57e-13  1.21e+01  0.00e+00  1.03e-07  1.07e-05  2.30e-05  3.28e-10  2.14e-01  4.57e-01
   54   2.2350e+05   2.2350e+05  8.08e-08  3.61e-13  6.67e+00  0.00e+00  5.64e-08  1.07e-05  1.27e-05  1.81e-10  4.57e-02  4.71e-01
   55   2.2370e+05   2.2370e+05  5.19e-08  2.32e-13  4.31e+00  0.00e+00  3.64e-08  1.07e-05  8.37e-06  1.16e-10  1.34e-01  4.13e-01
   56   2.2374e+05   2.2374e+05  4.63e-08  2.07e-13  3.84e+00  0.00e+00  3.25e-08  1.07e-05  7.49e-06  1.04e-10  8.95e-02  1.18e-01
   57   2.2385e+05   2.2385e+05  2.95e-08  1.32e-13  2.41e+00  0.00e+00  2.04e-08  1.08e-05  4.80e-06  6.59e-11  1.61e-01  4.34e-01
   58   2.2395e+05   2.2395e+05  1.63e-08  7.28e-14  1.35e+00  0.00e+00  1.14e-08  1.07e-05  2.82e-06  3.64e-11  1.92e-01  5.53e-01
   59   2.2399e+05   2.2399e+05  9.63e-09  4.30e-14  7.99e-01  0.00e+00  6.75e-09  1.07e-05  1.70e-06  2.15e-11  1.39e-01  4.75e-01
   60   2.2402e+05   2.2402e+05  6.37e-09  2.85e-14  5.29e-01  0.00e+00  4.47e-09  1.07e-05  1.13e-06  1.43e-11  8.80e-03  3.41e-01
   61   2.2403e+05   2.2403e+05  4.63e-09  2.07e-14  3.84e-01  0.00e+00  3.25e-09  1.07e-05  8.19e-07  1.04e-11  1.84e-03  2.73e-01
   62   2.2404e+05   2.2404e+05  3.09e-09  1.38e-14  2.56e-01  0.00e+00  2.17e-09  1.07e-05  5.46e-07  6.91e-12  2.27e-03  3.34e-01
   63   2.2406e+05   2.2406e+05  2.73e-10  1.22e-15  2.26e-02  0.00e+00  1.91e-10  1.07e-05  4.83e-08  6.09e-13  1.84e-03  9.13e-01
   64   2.2406e+05   2.2406e+05  1.49e-10  6.65e-16  2.32e-01  0.00e+00  1.06e-10  1.06e-05  2.72e-08  3.33e-13  8.75e-02  4.95e-01
   65   2.2406e+05   2.2406e+05  1.02e-10  4.57e-16  5.54e-01  0.00e+00  7.42e-11  1.04e-05  1.94e-08  2.29e-13  1.62e-01  3.70e-01
   66   2.2406e+05   2.2406e+05  7.58e-11  3.38e-16  4.12e-01  0.00e+00  5.51e-11  1.04e-05  1.46e-08  1.69e-13  2.12e-01  3.28e-01
   67   2.2406e+05   2.2406e+05  7.56e-11  3.38e-16  4.11e-01  0.00e+00  5.50e-11  1.04e-05  1.45e-08  1.69e-13  2.50e-01  2.17e-03

status is NumericalFailure after 67 iterations and 10.432 seconds

took 14.456104601 seconds
┌ Warning: switching Hessian cache from Cholesky to Bunch Kaufman
└ @ Hypatia.Cones ~/.julia/dev/Hypatia/src/Cones/Cones.jl:94
┌ Warning: switching Hessian cache from Cholesky to Bunch Kaufman
└ @ Hypatia.Cones ~/.julia/dev/Hypatia/src/Cones/Cones.jl:94
┌ Warning: switching Hessian cache from Cholesky to Bunch Kaufman
└ @ Hypatia.Cones ~/.julia/dev/Hypatia/src/Cones/Cones.jl:94
┌ Warning: switching Hessian cache from Cholesky to Bunch Kaufman
└ @ Hypatia.Cones ~/.julia/dev/Hypatia/src/Cones/Cones.jl:94
┌ Warning: switching Hessian cache from Cholesky to Bunch Kaufman
└ @ Hypatia.Cones ~/.julia/dev/Hypatia/src/Cones/Cones.jl:94
┌ Warning: switching Hessian cache from Cholesky to Bunch Kaufman
└ @ Hypatia.Cones ~/.julia/dev/Hypatia/src/Cones/Cones.jl:94
┌ Warning: switching Hessian cache from Cholesky to Bunch Kaufman
└ @ Hypatia.Cones ~/.julia/dev/Hypatia/src/Cones/Cones.jl:94
┌ Warning: very small alpha
└ @ Hypatia.Solvers ~/.julia/dev/Hypatia/src/Solvers/stepper.jl:211
┌ Warning: Hypatia status NumericalFailure not handled
└ @ Hypatia ~/.julia/dev/Hypatia/src/MathOptInterface/wrapper.jl:530

