
instance ravem
ran at: 2020-05-12T18:17:23.035
with solver: hypatia, system solver: qrchol_dense
number type : Float64


reading instance and constructing model...
took 1.379199345 seconds
building model...
took 10.182887123 seconds

solving model...

 iter        p_obj        d_obj   abs_gap   rel_gap    x_feas    y_feas    z_feas       tau       kap        mu     gamma     alpha
    0   2.9046e+03  -6.4685e+03  4.23e+02       NaN  3.97e+05  0.00e+00  3.30e-03  1.00e+00  1.00e+00  1.00e+00
    1   2.2462e+03  -6.9114e+03  1.21e+02       NaN  3.88e+05  0.00e+00  3.22e-03  2.92e-01  9.88e-01  2.85e-01  1.26e-01  8.18e-01
    2   1.6541e+03  -6.4008e+03  5.47e+01       NaN  3.41e+05  0.00e+00  2.83e-03  1.50e-01  8.89e-01  1.29e-01  2.07e-01  6.89e-01
    3   1.8836e+03  -4.7582e+03  2.67e+01       NaN  2.81e+05  0.00e+00  2.34e-03  8.89e-02  7.13e-01  6.30e-02  1.70e-01  6.17e-01
    4   3.8440e+03  -1.5682e+03  1.26e+01       NaN  2.29e+05  0.00e+00  1.91e-03  5.16e-02  5.37e-01  2.99e-02  1.89e-01  6.49e-01
    5   5.1130e+03  -8.1959e+01  5.93e+00       NaN  2.21e+05  0.00e+00  1.83e-03  2.52e-02  4.63e-01  1.40e-02  2.07e-01  6.69e-01
    6   1.0097e+04   6.7451e+03  2.46e+00  3.65e-04  1.43e+05  0.00e+00  1.18e-03  1.62e-02  2.96e-01  5.81e-03  1.68e-01  7.03e-01
    7   9.8286e+03   6.0889e+03  1.65e+00  2.71e-04  1.60e+05  0.00e+00  1.33e-03  9.68e-03  3.02e-01  3.89e-03  2.09e-01  4.17e-01
    8   1.4524e+04   1.1780e+04  1.07e+00  9.07e-05  1.17e+05  0.00e+00  9.73e-04  8.54e-03  2.11e-01  2.52e-03  2.06e-01  4.43e-01
    9   1.5917e+04   1.3179e+04  8.68e-01  6.59e-05  1.17e+05  0.00e+00  9.73e-04  6.95e-03  2.04e-01  2.05e-03  1.96e-01  2.33e-01
   10   1.9424e+04   1.7277e+04  6.53e-01  3.78e-05  9.18e+04  0.00e+00  7.63e-04  6.67e-03  1.52e-01  1.54e-03  2.05e-01  3.12e-01
   11   2.5372e+04   2.3613e+04  3.65e-01  1.55e-05  7.56e+04  0.00e+00  6.28e-04  4.53e-03  1.22e-01  8.62e-04  1.85e-01  5.42e-01
   12   3.2574e+04   3.1193e+04  1.87e-01  6.00e-06  5.98e+04  0.00e+00  4.97e-04  2.93e-03  9.55e-02  4.42e-04  1.95e-01  6.05e-01
   13   3.7873e+04   3.6828e+04  1.21e-01  3.29e-06  4.54e+04  0.00e+00  3.77e-04  2.50e-03  7.05e-02  2.87e-04  1.81e-01  4.30e-01
   14   3.8090e+04   3.6990e+04  1.07e-01  2.90e-06  4.80e+04  0.00e+00  3.99e-04  2.09e-03  7.27e-02  2.53e-04  2.24e-01  1.50e-01
   15   4.5888e+04   4.5146e+04  5.87e-02  1.30e-06  3.27e+04  0.00e+00  2.71e-04  1.68e-03  4.98e-02  1.39e-04  1.73e-01  5.47e-01
   16   4.6918e+04   4.6184e+04  4.86e-02  1.05e-06  3.25e+04  0.00e+00  2.70e-04  1.40e-03  4.85e-02  1.15e-04  2.10e-01  2.19e-01
   17   5.3760e+04   5.3271e+04  2.58e-02  4.84e-07  2.20e+04  0.00e+00  1.83e-04  1.10e-03  3.41e-02  6.09e-05  1.77e-01  5.70e-01
   18   5.6618e+04   5.6138e+04  1.79e-02  3.18e-07  2.22e+04  0.00e+00  1.84e-04  7.56e-04  3.28e-02  4.22e-05  2.19e-01  3.93e-01
   19   5.9455e+04   5.9019e+04  1.46e-02  2.47e-07  2.03e+04  0.00e+00  1.69e-04  6.73e-04  2.95e-02  3.44e-05  1.92e-01  2.28e-01
   20   6.0667e+04   6.0255e+04  1.34e-02  2.23e-07  1.93e+04  0.00e+00  1.60e-04  6.53e-04  2.78e-02  3.17e-05  2.40e-01  1.05e-01
   21   6.6406e+04   6.6087e+04  8.75e-03  1.32e-07  1.52e+04  0.00e+00  1.26e-04  5.39e-04  2.17e-02  2.07e-05  1.75e-01  4.21e-01
   22   7.2209e+04   7.1943e+04  6.11e-03  8.49e-08  1.30e+04  0.00e+00  1.08e-04  4.40e-04  1.82e-02  1.44e-05  1.74e-01  3.66e-01
   23   7.3204e+04   7.2943e+04  5.32e-03  7.29e-08  1.31e+04  0.00e+00  1.09e-04  3.81e-04  1.81e-02  1.26e-05  2.26e-01  1.67e-01
   24   8.0641e+04   8.0438e+04  3.41e-03  4.24e-08  1.07e+04  0.00e+00  8.86e-05  3.00e-04  1.47e-02  8.06e-06  1.83e-01  4.39e-01
   25   8.4284e+04   8.4102e+04  2.60e-03  3.09e-08  1.01e+04  0.00e+00  8.40e-05  2.41e-04  1.38e-02  6.13e-06  2.18e-01  3.05e-01
   26   9.0178e+04   9.0026e+04  1.99e-03  2.21e-08  8.74e+03  0.00e+00  7.26e-05  2.13e-04  1.17e-02  4.69e-06  1.67e-01  2.82e-01
   27   9.7499e+04   9.7382e+04  1.39e-03  1.42e-08  7.36e+03  0.00e+00  6.11e-05  1.76e-04  9.95e-03  3.27e-06  2.13e-01  3.85e-01
   28   1.0334e+05   1.0325e+05  9.43e-04  9.13e-09  6.74e+03  0.00e+00  5.60e-05  1.31e-04  9.06e-03  2.23e-06  2.10e-01  4.05e-01
   29   1.1707e+05   1.1702e+05  5.70e-04  4.87e-09  4.87e+03  0.00e+00  4.05e-05  1.10e-04  6.73e-03  1.35e-06  1.84e-01  4.85e-01
   30   1.2676e+05   1.2673e+05  3.55e-04  2.80e-09  4.14e+03  0.00e+00  3.44e-05  8.02e-05  5.74e-03  8.38e-07  2.06e-01  4.75e-01
   31   1.3659e+05   1.3658e+05  2.44e-04  1.79e-09  3.21e+03  0.00e+00  2.67e-05  7.12e-05  4.47e-03  5.76e-07  1.88e-01  3.85e-01
   32   1.3657e+05   1.3657e+05  2.21e-04  1.62e-09  3.35e+03  0.00e+00  2.79e-05  6.18e-05  4.63e-03  5.23e-07  2.35e-01  1.20e-01
   33   1.3976e+05   1.3976e+05  1.95e-04  1.40e-09  3.08e+03  0.00e+00  2.56e-05  5.94e-05  4.24e-03  4.62e-07  1.77e-01  1.42e-01
   34   1.4224e+05   1.4224e+05  1.77e-04  1.25e-09  2.83e+03  0.00e+00  2.35e-05  5.87e-05  3.90e-03  4.18e-07  2.33e-01  1.22e-01
   35   1.4788e+05   1.4789e+05  1.37e-04  9.28e-10  2.36e+03  0.00e+00  1.96e-05  5.45e-05  3.29e-03  3.24e-07  2.01e-01  2.82e-01
   36   1.5554e+05   1.5555e+05  9.58e-05  6.16e-10  1.82e+03  0.00e+00  1.51e-05  4.94e-05  2.58e-03  2.26e-07  1.82e-01  3.70e-01
   37   1.6569e+05   1.6570e+05  6.12e-05  3.69e-10  1.43e+03  0.00e+00  1.19e-05  4.00e-05  2.05e-03  1.45e-07  2.09e-01  4.57e-01
   38   1.7014e+05   1.7017e+05  4.64e-05  2.73e-10  1.36e+03  0.00e+00  1.13e-05  3.19e-05  1.92e-03  1.10e-07  2.16e-01  3.09e-01
   39   1.7702e+05   1.7704e+05  3.36e-05  1.90e-10  1.03e+03  0.00e+00  8.54e-06  3.06e-05  1.46e-03  7.93e-08  1.66e-01  3.31e-01
   40   1.8395e+05   1.8398e+05  2.39e-05  1.30e-10  9.02e+02  0.00e+00  7.49e-06  2.48e-05  1.27e-03  5.64e-08  2.10e-01  3.66e-01
   41   1.9395e+05   1.9398e+05  1.37e-05  7.06e-11  6.50e+02  0.00e+00  5.40e-06  1.97e-05  9.48e-04  3.24e-08  1.73e-01  5.15e-01
   42   2.0207e+05   2.0211e+05  8.73e-06  4.32e-11  4.84e+02  0.00e+00  4.02e-06  1.69e-05  7.20e-04  2.06e-08  1.89e-01  4.47e-01
   43   2.0321e+05   2.0324e+05  8.17e-06  4.02e-11  4.64e+02  0.00e+00  3.86e-06  1.65e-05  6.91e-04  1.93e-08  2.31e-01  8.35e-02
   44   2.1225e+05   2.1227e+05  4.35e-06  2.05e-11  2.78e+02  0.00e+00  2.31e-06  1.47e-05  4.37e-04  1.03e-08  1.78e-01  5.70e-01
   45   2.1328e+05   2.1331e+05  3.86e-06  1.81e-11  2.62e+02  0.00e+00  2.17e-06  1.38e-05  4.11e-04  9.11e-09  2.20e-01  1.44e-01
   46   2.1717e+05   2.1718e+05  2.57e-06  1.18e-11  1.79e+02  0.00e+00  1.49e-06  1.35e-05  2.89e-04  6.08e-09  1.68e-01  4.01e-01
   47   2.2033e+05   2.2034e+05  1.84e-06  8.34e-12  1.38e+02  0.00e+00  1.15e-06  1.25e-05  2.22e-04  4.34e-09  1.87e-01  3.52e-01
   48   2.2454e+05   2.2455e+05  9.24e-07  4.12e-12  7.46e+01  0.00e+00  6.20e-07  1.16e-05  1.25e-04  2.18e-09  1.62e-01  5.93e-01
   49   2.2493e+05   2.2494e+05  8.39e-07  3.73e-12  6.93e+01  0.00e+00  5.76e-07  1.14e-05  1.17e-04  1.98e-09  2.16e-01  1.18e-01
   50   2.2643e+05   2.2643e+05  5.36e-07  2.37e-12  4.56e+01  0.00e+00  3.79e-07  1.10e-05  8.00e-05  1.27e-09  1.77e-01  4.39e-01
   51   2.2780e+05   2.2780e+05  3.39e-07  1.49e-12  2.96e+01  0.00e+00  2.46e-07  1.07e-05  5.20e-05  8.02e-10  2.12e-01  4.66e-01
   52   2.2887e+05   2.2887e+05  1.67e-07  7.28e-13  1.52e+01  0.00e+00  1.26e-07  1.03e-05  2.78e-05  3.93e-10  1.50e-01  5.99e-01
   53   2.2931e+05   2.2931e+05  1.02e-07  4.45e-13  9.37e+00  0.00e+00  7.78e-08  1.02e-05  1.78e-05  2.41e-10  1.69e-01  4.66e-01
   54   2.2957e+05   2.2957e+05  6.79e-08  2.96e-13  6.15e+00  0.00e+00  5.11e-08  1.03e-05  1.17e-05  1.60e-10  1.57e-01  3.97e-01
   55   2.2963e+05   2.2963e+05  5.92e-08  2.58e-13  5.41e+00  0.00e+00  4.49e-08  1.03e-05  1.04e-05  1.40e-10  2.15e-01  1.64e-01
   56   2.2992e+05   2.2992e+05  1.93e-08  8.42e-14  1.80e+00  0.00e+00  1.50e-08  1.01e-05  3.86e-06  4.57e-11  1.60e-01  8.02e-01
   57   2.2998e+05   2.2998e+05  1.12e-08  4.85e-14  1.04e+00  0.00e+00  8.65e-09  1.01e-05  2.25e-06  2.64e-11  8.30e-02  4.61e-01
   58   2.3005e+05   2.3005e+05  1.69e-09  7.35e-15  1.58e-01  0.00e+00  1.31e-09  1.01e-05  3.41e-07  4.00e-12  3.28e-03  8.51e-01
   59   2.3005e+05   2.3005e+05  1.27e-09  5.52e-15  1.19e-01  0.00e+00  9.84e-10  1.01e-05  2.57e-07  3.00e-12  5.34e-02  2.63e-01
   60   2.3005e+05   2.3005e+05  1.27e-09  5.51e-15  1.18e-01  0.00e+00  9.82e-10  1.01e-05  2.57e-07  2.99e-12  4.57e-02  2.58e-03
   61   2.3006e+05   2.3006e+05  3.29e-10  1.43e-15  3.07e-02  0.00e+00  2.55e-10  1.00e-05  6.83e-08  7.78e-13  4.82e-02  7.78e-01
   62   2.3006e+05   2.3006e+05  2.07e-10  8.98e-16  1.92e-02  0.00e+00  1.60e-10  1.01e-05  4.36e-08  4.88e-13  1.85e-01  4.57e-01
   63   2.3006e+05   2.3006e+05  3.95e-11  1.72e-16  3.73e-03  0.00e+00  3.06e-11  1.01e-05  8.35e-09  9.33e-14  1.15e-03  8.10e-01
   64   2.3006e+05   2.3006e+05  2.90e-11  1.26e-16  1.33e-02  0.00e+00  2.33e-11  1.00e-05  6.40e-09  6.86e-14  1.72e-01  2.90e-01
   65   2.3006e+05   2.3006e+05  6.38e-12  2.77e-17  1.07e-02  0.00e+00  5.23e-12  1.00e-05  1.44e-09  1.51e-14  3.29e-03  7.78e-01
   66   2.3006e+05   2.3006e+05  2.12e-12  9.22e-18  3.71e-03  0.00e+00  1.78e-12  1.00e-05  4.92e-10  5.01e-15  3.41e-02  6.82e-01
   67   2.3006e+05   2.3006e+05  1.15e-12  4.99e-18  2.03e-03  0.00e+00  9.74e-13  1.00e-05  2.69e-10  2.71e-15  1.36e-01  5.26e-01
   68   2.3006e+05   2.3006e+05  1.13e-12  4.91e-18  2.00e-03  0.00e+00  9.59e-13  1.00e-05  2.65e-10  2.67e-15  2.18e-01  1.95e-02
   69   2.3006e+05   2.3006e+05  6.97e-13  3.03e-18  1.23e-03  0.00e+00  5.93e-13  1.00e-05  1.64e-10  1.65e-15  1.57e-01  4.52e-01
   70   2.3006e+05   2.3006e+05  6.90e-13  3.00e-18  1.22e-03  0.00e+00  5.87e-13  1.00e-05  1.62e-10  1.63e-15  2.19e-01  1.29e-02
   71   2.3006e+05   2.3006e+05  5.14e-13  2.23e-18  9.07e-04  0.00e+00  4.38e-13  1.00e-05  1.21e-10  1.21e-15  1.85e-01  3.12e-01
   72   2.3006e+05   2.3006e+05  4.65e-13  2.02e-18  8.52e-04  0.00e+00  3.98e-13  1.00e-05  1.10e-10  1.10e-15  2.05e-01  1.16e-01
   73   2.3006e+05   2.3006e+05  4.19e-13  1.82e-18  7.74e-04  0.00e+00  3.58e-13  1.00e-05  9.91e-11  9.90e-16  2.10e-01  1.25e-01
   74   2.3006e+05   2.3006e+05  4.18e-13  1.82e-18  7.74e-04  0.00e+00  3.58e-13  1.00e-05  9.90e-11  9.89e-16  2.20e-01  1.08e-03

status is NumericalFailure after 74 iterations and 65.889 seconds

took 70.112388271 seconds
┌ Warning: very small alpha
└ @ Hypatia.Solvers ~/.julia/dev/Hypatia/src/Solvers/stepper.jl:211
┌ Warning: Hypatia status NumericalFailure not handled
└ @ Hypatia ~/.julia/dev/Hypatia/src/MathOptInterface/wrapper.jl:530


instance ravem
ran at: 2020-05-12T21:16:55.392
with solver: hypatia, system solver: qrchol_dense
number type : BigFloat


reading instance and constructing model...
took 1.382809531 seconds
building model...
took 10.145438216 seconds

solving model...

 iter        p_obj        d_obj   abs_gap   rel_gap    x_feas    y_feas    z_feas       tau       kap        mu     gamma     alpha
    0   2.9046e+03  -6.4685e+03  4.23e+02       NaN  3.97e+05  0.00e+00  3.30e-03  1.00e+00  1.00e+00  1.00e+00
    1   2.2462e+03  -6.9114e+03  1.21e+02       NaN  3.88e+05  0.00e+00  3.22e-03  2.92e-01  9.88e-01  2.85e-01  1.26e-01  8.18e-01
    2   1.6541e+03  -6.4008e+03  5.47e+01       NaN  3.41e+05  0.00e+00  2.83e-03  1.50e-01  8.89e-01  1.29e-01  2.07e-01  6.89e-01
    3   1.8836e+03  -4.7582e+03  2.67e+01       NaN  2.81e+05  0.00e+00  2.34e-03  8.89e-02  7.13e-01  6.30e-02  1.70e-01  6.17e-01
    4   3.8440e+03  -1.5682e+03  1.26e+01       NaN  2.29e+05  0.00e+00  1.91e-03  5.16e-02  5.37e-01  2.99e-02  1.89e-01  6.49e-01
    5   5.1130e+03  -8.1959e+01  5.93e+00       NaN  2.21e+05  0.00e+00  1.83e-03  2.52e-02  4.63e-01  1.40e-02  2.07e-01  6.69e-01
    6   1.0097e+04   6.7451e+03  2.46e+00  3.65e-04  1.43e+05  0.00e+00  1.18e-03  1.62e-02  2.96e-01  5.81e-03  1.68e-01  7.03e-01
    7   9.8286e+03   6.0889e+03  1.65e+00  2.71e-04  1.60e+05  0.00e+00  1.33e-03  9.68e-03  3.02e-01  3.89e-03  2.09e-01  4.17e-01
    8   1.4524e+04   1.1780e+04  1.07e+00  9.07e-05  1.17e+05  0.00e+00  9.73e-04  8.54e-03  2.11e-01  2.52e-03  2.06e-01  4.43e-01
    9   1.5917e+04   1.3179e+04  8.68e-01  6.59e-05  1.17e+05  0.00e+00  9.73e-04  6.95e-03  2.04e-01  2.05e-03  1.96e-01  2.33e-01
   10   1.9424e+04   1.7277e+04  6.53e-01  3.78e-05  9.18e+04  0.00e+00  7.63e-04  6.67e-03  1.52e-01  1.54e-03  2.05e-01  3.12e-01
   11   2.5372e+04   2.3613e+04  3.65e-01  1.55e-05  7.56e+04  0.00e+00  6.28e-04  4.53e-03  1.22e-01  8.62e-04  1.85e-01  5.42e-01
   12   3.2574e+04   3.1193e+04  1.87e-01  6.00e-06  5.98e+04  0.00e+00  4.97e-04  2.93e-03  9.55e-02  4.42e-04  1.95e-01  6.05e-01
   13   3.7874e+04   3.6828e+04  1.21e-01  3.29e-06  4.54e+04  0.00e+00  3.77e-04  2.50e-03  7.05e-02  2.87e-04  1.81e-01  4.30e-01
   14   3.8091e+04   3.6991e+04  1.07e-01  2.90e-06  4.80e+04  0.00e+00  3.99e-04  2.09e-03  7.27e-02  2.53e-04  2.24e-01  1.50e-01
   15   4.5888e+04   4.5146e+04  5.87e-02  1.30e-06  3.27e+04  0.00e+00  2.71e-04  1.68e-03  4.98e-02  1.39e-04  1.73e-01  5.47e-01
   16   4.6879e+04   4.6144e+04  4.88e-02  1.06e-06  3.26e+04  0.00e+00  2.71e-04  1.40e-03  4.85e-02  1.15e-04  2.10e-01  2.15e-01
   17   5.3684e+04   5.3195e+04  2.61e-02  4.91e-07  2.20e+04  0.00e+00  1.83e-04  1.11e-03  3.40e-02  6.17e-05  1.77e-01  5.64e-01
   18   5.7721e+04   5.7255e+04  1.67e-02  2.91e-07  2.16e+04  0.00e+00  1.79e-04  7.25e-04  3.18e-02  3.94e-05  2.15e-01  4.61e-01
   19   5.8275e+04   5.7817e+04  1.60e-02  2.77e-07  2.12e+04  0.00e+00  1.76e-04  7.07e-04  3.11e-02  3.78e-05  2.16e-01  5.16e-02
   20   5.8360e+04   5.7904e+04  1.59e-02  2.75e-07  2.11e+04  0.00e+00  1.76e-04  7.05e-04  3.10e-02  3.76e-05  1.91e-01  7.12e-03
   21   5.8686e+04   5.8236e+04  1.56e-02  2.67e-07  2.09e+04  0.00e+00  1.74e-04  6.98e-04  3.05e-02  3.67e-05  1.91e-01  2.71e-02
   22   6.1121e+04   6.0715e+04  1.31e-02  2.16e-07  1.90e+04  0.00e+00  1.58e-04  6.47e-04  2.73e-02  3.10e-05  1.86e-01  1.92e-01
   23   6.7279e+04   6.6958e+04  8.17e-03  1.22e-07  1.55e+04  0.00e+00  1.29e-04  4.95e-04  2.21e-02  1.93e-05  1.82e-01  4.61e-01
   24   7.5105e+04   7.4872e+04  4.93e-03  6.59e-08  1.16e+04  0.00e+00  9.65e-05  3.98e-04  1.66e-02  1.16e-05  1.90e-01  4.90e-01
   25   7.6119e+04   7.5880e+04  4.29e-03  5.66e-08  1.23e+04  0.00e+00  1.03e-04  3.26e-04  1.72e-02  1.01e-05  2.30e-01  1.68e-01
   26   8.7329e+04   8.7167e+04  2.34e-03  2.68e-08  9.12e+03  0.00e+00  7.57e-05  2.40e-04  1.28e-02  5.52e-06  1.67e-01  5.47e-01
   27   9.3203e+04   9.3069e+04  1.79e-03  1.92e-08  7.83e+03  0.00e+00  6.50e-05  2.14e-04  1.09e-02  4.23e-06  1.88e-01  2.88e-01
   28   9.3280e+04   9.3147e+04  1.63e-03  1.75e-08  8.13e+03  0.00e+00  6.75e-05  1.88e-04  1.12e-02  3.85e-06  2.31e-01  1.17e-01
   29   9.6887e+04   9.6773e+04  1.33e-03  1.38e-08  7.24e+03  0.00e+00  6.01e-05  1.73e-04  9.87e-03  3.15e-06  1.60e-01  2.17e-01
   30   1.0145e+05   1.0136e+05  1.05e-03  1.03e-08  6.38e+03  0.00e+00  5.30e-05  1.54e-04  8.74e-03  2.48e-06  2.43e-01  2.82e-01
   31   1.1501e+05   1.1495e+05  5.97e-04  5.20e-09  4.98e+03  0.00e+00  4.14e-05  1.12e-04  6.92e-03  1.41e-06  1.82e-01  5.26e-01
   32   1.2792e+05   1.2790e+05  3.44e-04  2.69e-09  4.28e+03  0.00e+00  3.55e-05  7.53e-05  5.95e-03  8.12e-07  2.00e-01  5.31e-01
   33   1.4048e+05   1.4048e+05  2.12e-04  1.51e-09  3.02e+03  0.00e+00  2.51e-05  6.59e-05  4.22e-03  5.01e-07  1.62e-01  4.57e-01
   34   1.5131e+05   1.5132e+05  1.26e-04  8.30e-10  1.99e+03  0.00e+00  1.66e-05  5.90e-05  2.88e-03  2.96e-07  1.83e-01  5.00e-01
   35   1.5220e+05   1.5220e+05  1.15e-04  7.58e-10  2.02e+03  0.00e+00  1.68e-05  5.36e-05  2.89e-03  2.73e-07  2.33e-01  1.05e-01
   36   1.5960e+05   1.5961e+05  8.01e-05  5.02e-10  1.64e+03  0.00e+00  1.36e-05  4.59e-05  2.36e-03  1.89e-07  1.97e-01  3.81e-01
   37   1.6063e+05   1.6065e+05  7.24e-05  4.51e-10  1.69e+03  0.00e+00  1.40e-05  4.02e-05  2.41e-03  1.71e-07  2.33e-01  1.25e-01
   38   1.6857e+05   1.6860e+05  4.90e-05  2.91e-10  1.40e+03  0.00e+00  1.16e-05  3.28e-05  1.98e-03  1.16e-07  1.60e-01  3.85e-01
   39   1.7612e+05   1.7616e+05  3.31e-05  1.88e-10  1.20e+03  0.00e+00  1.00e-05  2.57e-05  1.70e-03  7.81e-08  2.11e-01  4.13e-01
   40   1.8004e+05   1.8008e+05  2.79e-05  1.55e-10  1.06e+03  0.00e+00  8.80e-06  2.47e-05  1.49e-03  6.59e-08  1.85e-01  1.90e-01
   41   1.9078e+05   1.9082e+05  1.56e-05  8.18e-11  7.05e+02  0.00e+00  5.86e-06  2.07e-05  1.09e-03  3.69e-08  2.34e-01  5.75e-01
   42   1.9552e+05   1.9555e+05  1.22e-05  6.22e-11  5.80e+02  0.00e+00  4.82e-06  1.97e-05  8.81e-04  2.87e-08  1.70e-01  2.65e-01
   43   2.0202e+05   2.0205e+05  8.51e-06  4.21e-11  4.75e+02  0.00e+00  3.94e-06  1.68e-05  7.14e-04  2.01e-08  1.86e-01  3.70e-01
   44   2.0621e+05   2.0623e+05  6.36e-06  3.09e-11  3.82e+02  0.00e+00  3.17e-06  1.56e-05  5.79e-04  1.50e-08  2.00e-01  3.15e-01
   45   2.1213e+05   2.1215e+05  4.06e-06  1.91e-11  2.82e+02  0.00e+00  2.34e-06  1.35e-05  4.40e-04  9.59e-09  2.23e-01  4.66e-01
   46   2.1864e+05   2.1865e+05  2.21e-06  1.01e-11  1.66e+02  0.00e+00  1.38e-06  1.25e-05  2.63e-04  5.22e-09  1.49e-01  5.36e-01
   47   2.2103e+05   2.2105e+05  1.52e-06  6.86e-12  1.21e+02  0.00e+00  1.00e-06  1.18e-05  1.96e-04  3.58e-09  2.03e-01  3.93e-01
   48   2.2487e+05   2.2488e+05  8.50e-07  3.78e-12  7.48e+01  0.00e+00  6.21e-07  1.07e-05  1.25e-04  2.01e-09  1.72e-01  5.31e-01
   49   2.2687e+05   2.2688e+05  4.95e-07  2.18e-12  4.42e+01  0.00e+00  3.67e-07  1.05e-05  7.61e-05  1.17e-09  1.39e-01  4.85e-01
   50   2.2862e+05   2.2863e+05  2.10e-07  9.21e-13  1.85e+01  0.00e+00  1.54e-07  1.07e-05  3.30e-05  4.97e-10  1.49e-01  6.76e-01
   51   2.2888e+05   2.2888e+05  1.66e-07  7.26e-13  1.49e+01  0.00e+00  1.24e-07  1.05e-05  2.72e-05  3.93e-10  2.17e-01  2.68e-01
   52   2.2921e+05   2.2921e+05  1.18e-07  5.14e-13  1.07e+01  0.00e+00  8.86e-08  1.04e-05  1.99e-05  2.78e-10  2.04e-01  3.66e-01
   53   2.2952e+05   2.2952e+05  7.41e-08  3.23e-13  6.85e+00  0.00e+00  5.69e-08  1.01e-05  1.32e-05  1.75e-10  2.03e-01  4.66e-01
   54   2.2964e+05   2.2964e+05  5.74e-08  2.50e-13  5.28e+00  0.00e+00  4.39e-08  1.02e-05  1.02e-05  1.36e-10  1.49e-01  2.65e-01
   55   2.2994e+05   2.2994e+05  1.59e-08  6.92e-14  1.47e+00  0.00e+00  1.22e-08  1.01e-05  3.10e-06  3.76e-11  1.25e-01  8.26e-01
   56   2.2999e+05   2.2999e+05  9.47e-09  4.12e-14  8.82e-01  0.00e+00  7.32e-09  1.01e-05  1.90e-06  2.24e-11  1.83e-01  4.95e-01
   57   2.3003e+05   2.3003e+05  4.70e-09  2.04e-14  4.37e-01  0.00e+00  3.63e-09  1.01e-05  9.42e-07  1.11e-11  1.22e-02  5.10e-01
   58   2.3005e+05   2.3005e+05  1.88e-09  8.17e-15  1.75e-01  0.00e+00  1.46e-09  1.00e-05  3.99e-07  4.44e-12  1.80e-01  7.32e-01
   59   2.3005e+05   2.3005e+05  1.55e-09  6.76e-15  1.45e-01  0.00e+00  1.20e-09  1.01e-05  3.32e-07  3.67e-12  1.88e-01  2.13e-01
   60   2.3005e+05   2.3005e+05  1.41e-09  6.13e-15  1.32e-01  0.00e+00  1.09e-09  1.01e-05  3.01e-07  3.33e-12  1.10e-02  9.33e-02
   61   2.3005e+05   2.3005e+05  1.12e-09  4.86e-15  1.04e-01  0.00e+00  8.66e-10  1.01e-05  2.39e-07  2.64e-12  6.05e-03  2.08e-01
   62   2.3006e+05   2.3006e+05  4.84e-10  2.10e-15  4.51e-02  0.00e+00  3.74e-10  1.01e-05  1.03e-07  1.14e-12  1.34e-02  5.75e-01
   63   2.3006e+05   2.3006e+05  2.08e-10  9.03e-16  1.94e-02  0.00e+00  1.61e-10  1.01e-05  4.57e-08  4.91e-13  1.81e-01  6.96e-01
   64   2.3006e+05   2.3006e+05  1.54e-10  6.69e-16  1.43e-02  0.00e+00  1.19e-10  1.01e-05  3.40e-08  3.64e-13  1.75e-01  3.15e-01
   65   2.3006e+05   2.3006e+05  7.29e-11  3.17e-16  6.80e-03  0.00e+00  5.65e-11  1.01e-05  1.62e-08  1.72e-13  4.82e-02  5.53e-01
   66   2.3006e+05   2.3006e+05  8.32e-12  3.62e-17  7.76e-04  0.00e+00  6.44e-12  1.01e-05  1.84e-09  1.97e-14  4.65e-04  8.86e-01
   67   2.3006e+05   2.3006e+05  4.59e-12  2.00e-17  4.39e-04  0.00e+00  3.65e-12  9.93e-06  1.05e-09  1.09e-14  1.69e-01  5.31e-01
   68   2.3006e+05   2.3006e+05  4.58e-12  1.99e-17  4.39e-04  0.00e+00  3.64e-12  9.92e-06  1.05e-09  1.08e-14  2.50e-01  2.29e-03
   69   2.3006e+05   2.3006e+05  4.56e-12  1.98e-17  4.36e-04  0.00e+00  3.62e-12  9.92e-06  1.04e-09  1.08e-14  2.50e-01  7.49e-03
   70   2.3006e+05   2.3006e+05  4.07e-12  1.77e-17  3.89e-04  0.00e+00  3.23e-12  9.93e-06  9.32e-10  9.61e-15  2.33e-01  1.41e-01
   71   2.3006e+05   2.3006e+05  1.98e-12  8.59e-18  1.88e-04  0.00e+00  1.56e-12  9.96e-06  4.54e-10  4.67e-15  1.73e-01  6.23e-01
   72   2.3006e+05   2.3006e+05  1.09e-12  4.74e-18  1.03e-04  0.00e+00  8.54e-13  1.00e-05  2.50e-10  2.58e-15  2.33e-01  5.87e-01
   73   2.3006e+05   2.3006e+05  8.91e-13  3.87e-18  8.60e-05  0.00e+00  7.14e-13  9.89e-06  2.08e-10  2.11e-15  1.94e-01  2.15e-01
   74   2.3006e+05   2.3006e+05  2.70e-13  1.17e-18  2.60e-05  0.00e+00  2.16e-13  9.90e-06  6.35e-11  6.37e-16  1.72e-01  8.43e-01
   75   2.3006e+05   2.3006e+05  9.52e-14  4.14e-19  9.19e-06  0.00e+00  7.63e-14  9.89e-06  2.25e-11  2.25e-16  4.32e-02  6.76e-01
   76   2.3006e+05   2.3006e+05  9.39e-14  4.08e-19  9.07e-06  0.00e+00  7.53e-14  9.89e-06  2.22e-11  2.22e-16  2.47e-01  1.74e-02

status is NumericalFailure after 76 iterations and 159.129 seconds

took 164.725402987 seconds
┌ Warning: very small alpha
└ @ Hypatia.Solvers ~/.julia/dev/Hypatia/src/Solvers/stepper.jl:211
┌ Warning: Hypatia status NumericalFailure not handled
└ @ Hypatia ~/.julia/dev/Hypatia/src/MathOptInterface/wrapper.jl:530


instance ravem
ran at: 2020-05-12T22:38:14.977
with solver: hypatia, system solver: qrchol_dense
number type : BigFloat


reading instance and constructing model...
took 1.38755061 seconds
building model...
took 10.166703985 seconds

solving model...

 iter        p_obj        d_obj   abs_gap   rel_gap    x_feas    y_feas    z_feas       tau       kap        mu     gamma     alpha
    0   2.9046e+03  -6.4685e+03  4.23e+02       NaN  3.97e+05  0.00e+00  3.30e-03  1.00e+00  1.00e+00  1.00e+00
    1   2.2462e+03  -6.9114e+03  1.21e+02       NaN  3.88e+05  0.00e+00  3.22e-03  2.92e-01  9.88e-01  2.85e-01  1.26e-01  8.18e-01
    2   1.6541e+03  -6.4008e+03  5.47e+01       NaN  3.41e+05  0.00e+00  2.83e-03  1.50e-01  8.89e-01  1.29e-01  2.07e-01  6.89e-01
    3   1.8836e+03  -4.7582e+03  2.67e+01       NaN  2.81e+05  0.00e+00  2.34e-03  8.89e-02  7.13e-01  6.30e-02  1.70e-01  6.17e-01
    4   3.8440e+03  -1.5682e+03  1.26e+01       NaN  2.29e+05  0.00e+00  1.91e-03  5.16e-02  5.37e-01  2.99e-02  1.89e-01  6.49e-01
    5   5.1130e+03  -8.1959e+01  5.93e+00       NaN  2.21e+05  0.00e+00  1.83e-03  2.52e-02  4.63e-01  1.40e-02  2.07e-01  6.69e-01
    6   1.0097e+04   6.7451e+03  2.46e+00  3.65e-04  1.43e+05  0.00e+00  1.18e-03  1.62e-02  2.96e-01  5.81e-03  1.68e-01  7.03e-01
    7   9.8286e+03   6.0889e+03  1.65e+00  2.71e-04  1.60e+05  0.00e+00  1.33e-03  9.68e-03  3.02e-01  3.89e-03  2.09e-01  4.17e-01
    8   1.4524e+04   1.1780e+04  1.07e+00  9.07e-05  1.17e+05  0.00e+00  9.73e-04  8.54e-03  2.11e-01  2.52e-03  2.06e-01  4.43e-01
    9   1.5917e+04   1.3179e+04  8.68e-01  6.59e-05  1.17e+05  0.00e+00  9.73e-04  6.95e-03  2.04e-01  2.05e-03  1.96e-01  2.33e-01
   10   1.9424e+04   1.7277e+04  6.53e-01  3.78e-05  9.18e+04  0.00e+00  7.63e-04  6.67e-03  1.52e-01  1.54e-03  2.05e-01  3.12e-01
   11   2.5372e+04   2.3613e+04  3.65e-01  1.55e-05  7.56e+04  0.00e+00  6.28e-04  4.53e-03  1.22e-01  8.62e-04  1.85e-01  5.42e-01
   12   3.2574e+04   3.1193e+04  1.87e-01  6.00e-06  5.98e+04  0.00e+00  4.97e-04  2.93e-03  9.55e-02  4.42e-04  1.95e-01  6.05e-01
   13   3.7874e+04   3.6828e+04  1.21e-01  3.29e-06  4.54e+04  0.00e+00  3.77e-04  2.50e-03  7.05e-02  2.87e-04  1.81e-01  4.30e-01
   14   3.8091e+04   3.6991e+04  1.07e-01  2.90e-06  4.80e+04  0.00e+00  3.99e-04  2.09e-03  7.27e-02  2.53e-04  2.24e-01  1.50e-01
   15   4.5888e+04   4.5146e+04  5.87e-02  1.30e-06  3.27e+04  0.00e+00  2.71e-04  1.68e-03  4.98e-02  1.39e-04  1.73e-01  5.47e-01
   16   4.6879e+04   4.6144e+04  4.88e-02  1.06e-06  3.26e+04  0.00e+00  2.71e-04  1.40e-03  4.85e-02  1.15e-04  2.10e-01  2.15e-01
   17   5.3685e+04   5.3196e+04  2.61e-02  4.91e-07  2.20e+04  0.00e+00  1.83e-04  1.11e-03  3.40e-02  6.17e-05  1.77e-01  5.64e-01
   18   5.7630e+04   5.7163e+04  1.68e-02  2.93e-07  2.16e+04  0.00e+00  1.79e-04  7.28e-04  3.18e-02  3.96e-05  2.16e-01  4.57e-01
   19   6.0025e+04   5.9595e+04  1.41e-02  2.37e-07  2.01e+04  0.00e+00  1.67e-04  6.58e-04  2.92e-02  3.33e-05  2.13e-01  2.02e-01
   20   6.2083e+04   6.1687e+04  1.20e-02  1.95e-07  1.86e+04  0.00e+00  1.55e-04  6.04e-04  2.67e-02  2.84e-05  2.03e-01  1.85e-01
   21   6.7622e+04   6.7299e+04  8.08e-03  1.20e-07  1.56e+04  0.00e+00  1.29e-04  4.86e-04  2.20e-02  1.91e-05  1.73e-01  3.97e-01
   22   7.6047e+04   7.5816e+04  4.68e-03  6.17e-08  1.16e+04  0.00e+00  9.65e-05  3.78e-04  1.65e-02  1.11e-05  1.75e-01  5.10e-01
   23   7.8590e+04   7.8367e+04  3.81e-03  4.86e-08  1.17e+04  0.00e+00  9.71e-05  3.05e-04  1.62e-02  8.99e-06  2.21e-01  2.40e-01
   24   8.7425e+04   8.7259e+04  2.41e-03  2.76e-08  9.18e+03  0.00e+00  7.62e-05  2.46e-04  1.26e-02  5.70e-06  1.65e-01  4.39e-01
   25   9.4068e+04   9.3937e+04  1.68e-03  1.79e-08  7.76e+03  0.00e+00  6.44e-05  2.03e-04  1.06e-02  3.98e-06  1.76e-01  3.66e-01
   26   9.4630e+04   9.4504e+04  1.50e-03  1.59e-08  7.86e+03  0.00e+00  6.53e-05  1.79e-04  1.06e-02  3.54e-06  2.29e-01  1.42e-01
   27   1.0869e+05   1.0863e+05  7.10e-04  6.54e-09  5.26e+03  0.00e+00  4.37e-05  1.26e-04  7.46e-03  1.68e-06  1.56e-01  6.23e-01
   28   1.1892e+05   1.1888e+05  4.83e-04  4.06e-09  4.09e+03  0.00e+00  3.40e-05  1.11e-04  5.74e-03  1.14e-06  1.94e-01  3.97e-01
   29   1.2421e+05   1.2418e+05  3.64e-04  2.93e-09  4.05e+03  0.00e+00  3.36e-05  8.42e-05  5.55e-03  8.59e-07  2.14e-01  3.15e-01
   30   1.3232e+05   1.3231e+05  2.59e-04  1.96e-09  3.37e+03  0.00e+00  2.80e-05  7.20e-05  4.57e-03  6.11e-07  1.63e-01  3.45e-01
   31   1.3603e+05   1.3602e+05  2.22e-04  1.63e-09  3.15e+03  0.00e+00  2.61e-05  6.60e-05  4.27e-03  5.23e-07  2.39e-01  1.89e-01
   32   1.4817e+05   1.4818e+05  1.24e-04  8.37e-10  2.36e+03  0.00e+00  1.96e-05  4.92e-05  3.33e-03  2.93e-07  1.87e-01  5.42e-01
   33   1.5763e+05   1.5764e+05  8.29e-05  5.26e-10  1.73e+03  0.00e+00  1.44e-05  4.49e-05  2.44e-03  1.96e-07  1.81e-01  4.05e-01
   34   1.6917e+05   1.6920e+05  4.62e-05  2.73e-10  1.34e+03  0.00e+00  1.11e-05  3.24e-05  1.92e-03  1.09e-07  1.91e-01  5.47e-01
   35   1.8246e+05   1.8249e+05  2.47e-05  1.36e-10  9.17e+02  0.00e+00  7.62e-06  2.53e-05  1.34e-03  5.84e-08  1.76e-01  5.64e-01
   36   1.8437e+05   1.8441e+05  2.14e-05  1.16e-10  8.97e+02  0.00e+00  7.45e-06  2.23e-05  1.29e-03  5.04e-08  2.13e-01  1.74e-01
   37   1.9200e+05   1.9204e+05  1.49e-05  7.76e-11  6.96e+02  0.00e+00  5.78e-06  2.01e-05  9.94e-04  3.52e-08  1.57e-01  3.59e-01
   38   1.9865e+05   1.9868e+05  1.03e-05  5.19e-11  5.17e+02  0.00e+00  4.30e-06  1.87e-05  7.42e-04  2.43e-08  1.59e-01  3.66e-01
   39   2.0529e+05   2.0531e+05  6.46e-06  3.14e-11  3.75e+02  0.00e+00  3.11e-06  1.61e-05  5.53e-04  1.52e-08  1.98e-01  4.66e-01
   40   2.1017e+05   2.1020e+05  4.78e-06  2.27e-11  3.37e+02  0.00e+00  2.80e-06  1.33e-05  4.97e-04  1.13e-08  2.13e-01  3.31e-01
   41   2.2007e+05   2.2009e+05  2.01e-06  9.14e-12  1.56e+02  0.00e+00  1.30e-06  1.21e-05  2.45e-04  4.75e-09  1.44e-01  6.76e-01
   42   2.2277e+05   2.2279e+05  1.33e-06  5.99e-12  1.06e+02  0.00e+00  8.79e-07  1.18e-05  1.71e-04  3.15e-09  1.50e-01  3.97e-01
   43   2.2555e+05   2.2556e+05  7.22e-07  3.20e-12  6.06e+01  0.00e+00  5.03e-07  1.12e-05  1.05e-04  1.71e-09  1.79e-01  5.58e-01
   44   2.2599e+05   2.2600e+05  6.26e-07  2.77e-12  5.42e+01  0.00e+00  4.51e-07  1.08e-05  9.43e-05  1.48e-09  2.25e-01  1.72e-01
   45   2.2754e+05   2.2755e+05  3.70e-07  1.63e-12  3.28e+01  0.00e+00  2.72e-07  1.06e-05  5.96e-05  8.75e-10  1.99e-01  5.10e-01
   46   2.2896e+05   2.2896e+05  1.59e-07  6.97e-13  1.43e+01  0.00e+00  1.19e-07  1.04e-05  2.66e-05  3.77e-10  1.40e-01  6.62e-01
   47   2.2940e+05   2.2940e+05  9.07e-08  3.95e-13  8.27e+00  0.00e+00  6.87e-08  1.03e-05  1.59e-05  2.14e-10  1.37e-01  5.00e-01
   48   2.2976e+05   2.2976e+05  4.39e-08  1.91e-13  4.09e+00  0.00e+00  3.39e-08  1.01e-05  8.39e-06  1.04e-10  2.06e-01  6.49e-01
   49   2.2994e+05   2.2994e+05  1.65e-08  7.18e-14  1.54e+00  0.00e+00  1.28e-08  1.00e-05  3.22e-06  3.90e-11  4.82e-02  6.56e-01
   50   2.3001e+05   2.3001e+05  7.04e-09  3.06e-14  6.58e-01  0.00e+00  5.47e-09  1.00e-05  1.41e-06  1.66e-11  7.98e-02  6.23e-01
   51   2.3001e+05   2.3001e+05  6.39e-09  2.78e-14  5.97e-01  0.00e+00  4.96e-09  1.00e-05  1.28e-06  1.51e-11  1.46e-01  1.08e-01
   52   2.3003e+05   2.3003e+05  4.64e-09  2.02e-14  4.32e-01  0.00e+00  3.59e-09  1.01e-05  9.35e-07  1.10e-11  1.38e-01  3.18e-01
   53   2.3005e+05   2.3005e+05  1.04e-09  4.51e-15  9.67e-02  0.00e+00  8.03e-10  1.01e-05  2.08e-07  2.45e-12  1.84e-03  7.78e-01
   54   2.3006e+05   2.3006e+05  1.62e-10  7.02e-16  1.51e-02  0.00e+00  1.25e-10  1.01e-05  3.59e-08  3.82e-13  1.03e-01  9.41e-01
   55   2.3006e+05   2.3006e+05  1.06e-10  4.60e-16  9.88e-03  0.00e+00  8.21e-11  1.01e-05  2.37e-08  2.50e-13  1.49e-01  4.05e-01
   56   2.3006e+05   2.3006e+05  9.12e-11  3.96e-16  8.52e-03  0.00e+00  7.08e-11  1.00e-05  2.05e-08  2.16e-13  2.35e-01  1.81e-01
   57   2.3006e+05   2.3006e+05  3.28e-11  1.42e-16  3.05e-03  0.00e+00  2.53e-11  1.01e-05  7.31e-09  7.75e-14  1.91e-03  6.43e-01
   58   2.3006e+05   2.3006e+05  3.19e-11  1.39e-16  2.97e-03  0.00e+00  2.47e-11  1.01e-05  7.13e-09  7.54e-14  2.45e-01  3.48e-02
   59   2.3006e+05   2.3006e+05  8.79e-12  3.82e-17  8.22e-04  0.00e+00  6.83e-12  1.00e-05  1.98e-09  2.08e-14  4.09e-02  7.55e-01
   60   2.3006e+05   2.3006e+05  8.56e-12  3.72e-17  8.01e-04  0.00e+00  6.66e-12  1.00e-05  1.93e-09  2.02e-14  2.45e-01  3.38e-02
   61   2.3006e+05   2.3006e+05  7.20e-12  3.13e-17  6.75e-04  0.00e+00  5.61e-12  1.00e-05  1.63e-09  1.70e-14  2.27e-01  2.04e-01
   62   2.3006e+05   2.3006e+05  6.83e-12  2.97e-17  6.41e-04  0.00e+00  5.32e-12  1.00e-05  1.55e-09  1.61e-14  2.37e-01  6.76e-02
   63   2.3006e+05   2.3006e+05  1.71e-12  7.42e-18  1.61e-04  0.00e+00  1.33e-12  1.00e-05  3.96e-10  4.04e-15  1.37e-01  8.69e-01
   64   2.3006e+05   2.3006e+05  9.65e-13  4.20e-18  9.12e-05  0.00e+00  7.57e-13  9.99e-06  2.25e-10  2.28e-15  1.59e-01  5.15e-01
   65   2.3006e+05   2.3006e+05  4.88e-13  2.12e-18  4.58e-05  0.00e+00  3.81e-13  1.00e-05  1.14e-10  1.15e-15  1.89e-01  6.11e-01
   66   2.3006e+05   2.3006e+05  2.85e-13  1.24e-18  2.70e-05  0.00e+00  2.24e-13  9.99e-06  6.68e-11  6.74e-16  1.46e-01  4.85e-01
   67   2.3006e+05   2.3006e+05  9.57e-14  4.16e-19  9.05e-06  0.00e+00  7.51e-14  9.99e-06  2.24e-11  2.26e-16  3.63e-02  6.89e-01
   68   2.3006e+05   2.3006e+05  9.39e-14  4.08e-19  8.88e-06  0.00e+00  7.38e-14  9.99e-06  2.20e-11  2.22e-16  2.45e-01  2.40e-02

status is NumericalFailure after 68 iterations and 133.249 seconds

took 138.81926552 seconds
┌ Warning: very small alpha
└ @ Hypatia.Solvers ~/.julia/dev/Hypatia/src/Solvers/stepper.jl:211
┌ Warning: Hypatia status NumericalFailure not handled
└ @ Hypatia ~/.julia/dev/Hypatia/src/MathOptInterface/wrapper.jl:530


instance ravem
ran at: 2020-05-13T00:16:05.239
with solver: hypatia, system solver: qrchol_dense
number type : BigFloat


reading instance and constructing model...
took 1.351546314 seconds
building model...
took 10.08835112 seconds

solving model...

 iter        p_obj        d_obj   abs_gap   rel_gap    x_feas    y_feas    z_feas       tau       kap        mu     gamma     alpha
    0   2.9046e+03  -6.4685e+03  4.23e+02       NaN  3.97e+05  0.00e+00  3.30e-03  1.00e+00  1.00e+00  1.00e+00
    1   2.2462e+03  -6.9114e+03  1.21e+02       NaN  3.88e+05  0.00e+00  3.22e-03  2.92e-01  9.88e-01  2.85e-01  1.26e-01  8.18e-01
    2   1.6541e+03  -6.4008e+03  5.47e+01       NaN  3.41e+05  0.00e+00  2.83e-03  1.50e-01  8.89e-01  1.29e-01  2.07e-01  6.89e-01
    3   1.8836e+03  -4.7582e+03  2.67e+01       NaN  2.81e+05  0.00e+00  2.34e-03  8.89e-02  7.13e-01  6.30e-02  1.70e-01  6.17e-01
    4   3.8440e+03  -1.5682e+03  1.26e+01       NaN  2.29e+05  0.00e+00  1.91e-03  5.16e-02  5.37e-01  2.99e-02  1.89e-01  6.49e-01
    5   5.1130e+03  -8.1959e+01  5.93e+00       NaN  2.21e+05  0.00e+00  1.83e-03  2.52e-02  4.63e-01  1.40e-02  2.07e-01  6.69e-01
    6   1.0097e+04   6.7451e+03  2.46e+00  3.65e-04  1.43e+05  0.00e+00  1.18e-03  1.62e-02  2.96e-01  5.81e-03  1.68e-01  7.03e-01
    7   9.8285e+03   6.0889e+03  1.65e+00  2.71e-04  1.60e+05  0.00e+00  1.33e-03  9.68e-03  3.02e-01  3.89e-03  2.09e-01  4.17e-01
    8   1.4524e+04   1.1780e+04  1.07e+00  9.07e-05  1.17e+05  0.00e+00  9.73e-04  8.54e-03  2.11e-01  2.52e-03  2.06e-01  4.43e-01
    9   1.5917e+04   1.3179e+04  8.68e-01  6.59e-05  1.17e+05  0.00e+00  9.73e-04  6.95e-03  2.04e-01  2.05e-03  1.96e-01  2.33e-01
   10   1.9424e+04   1.7276e+04  6.53e-01  3.78e-05  9.18e+04  0.00e+00  7.63e-04  6.67e-03  1.52e-01  1.54e-03  2.05e-01  3.12e-01
   11   2.5385e+04   2.3628e+04  3.65e-01  1.54e-05  7.55e+04  0.00e+00  6.27e-04  4.53e-03  1.22e-01  8.62e-04  1.85e-01  5.42e-01
   12   3.2425e+04   3.1034e+04  1.84e-01  5.94e-06  6.03e+04  0.00e+00  5.01e-04  2.87e-03  9.63e-02  4.36e-04  1.99e-01  6.17e-01
   13   3.7636e+04   3.6582e+04  1.23e-01  3.36e-06  4.58e+04  0.00e+00  3.80e-04  2.51e-03  7.07e-02  2.90e-04  1.74e-01  4.05e-01
   14   3.7843e+04   3.6730e+04  1.09e-01  2.95e-06  4.86e+04  0.00e+00  4.03e-04  2.09e-03  7.32e-02  2.56e-04  2.25e-01  1.51e-01
   15   4.5899e+04   4.5154e+04  5.74e-02  1.27e-06  3.28e+04  0.00e+00  2.73e-04  1.64e-03  5.03e-02  1.36e-04  1.73e-01  5.70e-01
   16   4.7386e+04   4.6666e+04  4.62e-02  9.91e-07  3.20e+04  0.00e+00  2.65e-04  1.36e-03  4.79e-02  1.09e-04  2.06e-01  2.45e-01
   17   5.5411e+04   5.4961e+04  2.21e-02  4.03e-07  2.04e+04  0.00e+00  1.70e-04  1.02e-03  3.24e-02  5.23e-05  1.64e-01  6.23e-01
   18   6.0486e+04   6.0076e+04  1.43e-02  2.37e-07  1.91e+04  0.00e+00  1.59e-04  7.00e-04  2.90e-02  3.37e-05  1.97e-01  4.43e-01
   19   6.1413e+04   6.1012e+04  1.29e-02  2.11e-07  1.88e+04  0.00e+00  1.56e-04  6.41e-04  2.83e-02  3.04e-05  2.27e-01  1.25e-01
   20   6.5959e+04   6.5622e+04  9.29e-03  1.42e-07  1.61e+04  0.00e+00  1.34e-04  5.40e-04  2.36e-02  2.19e-05  1.74e-01  3.38e-01
   21   7.2764e+04   7.2512e+04  5.80e-03  7.99e-08  1.24e+04  0.00e+00  1.03e-04  4.38e-04  1.81e-02  1.37e-05  1.93e-01  4.66e-01
   22   7.4108e+04   7.3860e+04  5.06e-03  6.85e-08  1.25e+04  0.00e+00  1.04e-04  3.78e-04  1.80e-02  1.19e-05  2.29e-01  1.65e-01
   23   8.2733e+04   8.2546e+04  2.94e-03  3.56e-08  1.02e+04  0.00e+00  8.45e-05  2.71e-04  1.44e-02  6.94e-06  1.62e-01  5.00e-01
   24   9.0228e+04   9.0074e+04  1.81e-03  2.01e-08  9.89e+03  0.00e+00  8.21e-05  1.72e-04  1.35e-02  4.28e-06  2.02e-01  4.80e-01
   25   1.0037e+05   1.0026e+05  1.21e-03  1.21e-08  7.09e+03  0.00e+00  5.89e-05  1.60e-04  9.61e-03  2.86e-06  1.78e-01  4.05e-01
   26   1.0940e+05   1.0932e+05  8.38e-04  7.67e-09  5.68e+03  0.00e+00  4.72e-05  1.38e-04  7.71e-03  1.98e-06  2.01e-01  3.85e-01
   27   1.1756e+05   1.1750e+05  5.68e-04  4.84e-09  4.60e+03  0.00e+00  3.82e-05  1.16e-04  6.30e-03  1.34e-06  1.80e-01  3.93e-01
   28   1.2462e+05   1.2459e+05  4.01e-04  3.22e-09  4.22e+03  0.00e+00  3.50e-05  8.91e-05  5.76e-03  9.46e-07  2.02e-01  3.70e-01
   29   1.2681e+05   1.2678e+05  3.68e-04  2.90e-09  3.98e+03  0.00e+00  3.30e-05  8.65e-05  5.43e-03  8.68e-07  2.22e-01  1.06e-01
   30   1.3266e+05   1.3264e+05  2.78e-04  2.09e-09  3.30e+03  0.00e+00  2.74e-05  7.88e-05  4.59e-03  6.56e-07  2.38e-01  3.21e-01
   31   1.4451e+05   1.4451e+05  1.70e-04  1.18e-09  2.49e+03  0.00e+00  2.06e-05  6.41e-05  3.49e-03  4.02e-07  1.85e-01  4.75e-01
   32   1.5349e+05   1.5350e+05  1.03e-04  6.69e-10  1.96e+03  0.00e+00  1.63e-05  4.90e-05  2.82e-03  2.42e-07  1.91e-01  4.90e-01
   33   1.6386e+05   1.6388e+05  6.65e-05  4.06e-10  1.52e+03  0.00e+00  1.27e-05  4.09e-05  2.18e-03  1.57e-07  1.98e-01  4.39e-01
   34   1.6724e+05   1.6727e+05  5.08e-05  3.04e-10  1.48e+03  0.00e+00  1.23e-05  3.22e-05  2.08e-03  1.20e-07  2.24e-01  3.05e-01
   35   1.7402e+05   1.7405e+05  3.60e-05  2.07e-10  1.15e+03  0.00e+00  9.59e-06  2.92e-05  1.63e-03  8.51e-08  1.57e-01  3.45e-01
   36   1.7415e+05   1.7418e+05  3.58e-05  2.06e-10  1.15e+03  0.00e+00  9.55e-06  2.92e-05  1.63e-03  8.46e-08  1.82e-01  7.34e-03

status is NumericalFailure after 36 iterations and 84.21 seconds

took 89.745047954 seconds
┌ Warning: very small alpha
└ @ Hypatia.Solvers ~/.julia/dev/Hypatia/src/Solvers/stepper.jl:211
┌ Warning: Hypatia status NumericalFailure not handled
└ @ Hypatia ~/.julia/dev/Hypatia/src/MathOptInterface/wrapper.jl:530


instance ravem
ran at: 2020-05-14T10:40:41.683
with solver: hypatia, system solver: qrchol_dense


reading instance and constructing model...
took 1.366136628 seconds
building model...
took 10.236052938 seconds

solving model...

 iter        p_obj        d_obj   abs_gap   rel_gap    x_feas    y_feas    z_feas       tau       kap        mu     gamma     alpha
    0   2.9046e+03  -6.4685e+03  4.23e+02       NaN  3.97e+05  0.00e+00  3.30e-03  1.00e+00  1.00e+00  1.00e+00
    1   2.2462e+03  -6.9114e+03  1.21e+02       NaN  3.88e+05  0.00e+00  3.22e-03  2.92e-01  9.88e-01  2.85e-01  1.26e-01  8.18e-01
    2   1.6541e+03  -6.4008e+03  5.47e+01       NaN  3.41e+05  0.00e+00  2.83e-03  1.50e-01  8.89e-01  1.29e-01  2.07e-01  6.89e-01
    3   1.8723e+03  -4.8391e+03  2.75e+01       NaN  2.84e+05  0.00e+00  2.36e-03  9.07e-02  7.18e-01  6.50e-02  1.70e-01  5.99e-01
    4   3.3381e+03  -2.4511e+03  1.54e+01       NaN  2.45e+05  0.00e+00  2.04e-03  5.89e-02  5.72e-01  3.64e-02  1.80e-01  5.36e-01
    5   5.9891e+03   1.1068e+03  5.75e+00  5.20e-03  2.07e+05  0.00e+00  1.72e-03  2.60e-02  4.48e-01  1.36e-02  2.02e-01  7.86e-01
    6   9.6329e+03   5.8171e+03  2.30e+00  3.96e-04  1.63e+05  0.00e+00  1.35e-03  1.33e-02  3.43e-01  5.45e-03  1.65e-01  7.18e-01
    7   1.6105e+04   1.3446e+04  8.20e-01  6.10e-05  1.14e+05  0.00e+00  9.47e-04  6.74e-03  2.42e-01  1.94e-03  2.04e-01  8.10e-01
    8   2.2988e+04   2.0964e+04  3.58e-01  1.71e-05  8.76e+04  0.00e+00  7.28e-04  3.83e-03  1.75e-01  8.47e-04  2.00e-01  7.03e-01
    9   3.2265e+04   3.0945e+04  1.75e-01  5.65e-06  5.75e+04  0.00e+00  4.77e-04  2.85e-03  1.09e-01  4.13e-04  1.70e-01  6.17e-01
   10   3.2766e+04   3.1404e+04  1.42e-01  4.52e-06  5.97e+04  0.00e+00  4.96e-04  2.23e-03  1.08e-01  3.35e-04  2.21e-01  2.42e-01
   11   4.1239e+04   4.0362e+04  7.90e-02  1.96e-06  3.86e+04  0.00e+00  3.21e-04  1.92e-03  6.76e-02  1.87e-04  1.74e-01  5.36e-01
   12   4.1758e+04   4.0874e+04  7.00e-02  1.71e-06  3.91e+04  0.00e+00  3.25e-04  1.68e-03  6.69e-02  1.65e-04  2.10e-01  1.45e-01
   13   4.9040e+04   4.8452e+04  4.18e-02  8.62e-07  2.61e+04  0.00e+00  2.17e-04  1.50e-03  4.29e-02  9.86e-05  1.93e-01  5.00e-01
   14   4.9006e+04   4.8395e+04  3.91e-02  8.08e-07  2.72e+04  0.00e+00  2.26e-04  1.35e-03  4.41e-02  9.24e-05  2.31e-01  8.20e-02
   15   5.3796e+04   5.3283e+04  2.33e-02  4.38e-07  2.34e+04  0.00e+00  1.94e-04  9.34e-04  3.69e-02  5.51e-05  1.77e-01  4.90e-01
   16   6.0142e+04   5.9763e+04  1.32e-02  2.20e-07  1.77e+04  0.00e+00  1.47e-04  6.96e-04  2.74e-02  3.11e-05  1.61e-01  5.20e-01
   17   6.4560e+04   6.4217e+04  9.36e-03  1.46e-07  1.65e+04  0.00e+00  1.37e-04  5.33e-04  2.47e-02  2.21e-05  2.04e-01  3.62e-01
   18   7.2859e+04   7.2613e+04  5.28e-03  7.27e-08  1.24e+04  0.00e+00  1.03e-04  3.99e-04  1.85e-02  1.25e-05  1.78e-01  5.31e-01
   19   7.5874e+04   7.5640e+04  4.25e-03  5.61e-08  1.22e+04  0.00e+00  1.02e-04  3.25e-04  1.79e-02  1.00e-05  2.18e-01  2.50e-01
   20   8.2987e+04   8.2802e+04  2.89e-03  3.50e-08  1.01e+04  0.00e+00  8.42e-05  2.67e-04  1.44e-02  6.83e-06  1.56e-01  3.77e-01
   21   8.8563e+04   8.8410e+04  1.97e-03  2.23e-08  9.20e+03  0.00e+00  7.65e-05  2.01e-04  1.29e-02  4.66e-06  2.12e-01  4.05e-01
   22   9.8638e+04   9.8529e+04  1.29e-03  1.31e-08  6.93e+03  0.00e+00  5.76e-05  1.75e-04  9.55e-03  3.06e-06  1.69e-01  4.13e-01
   23   1.0028e+05   1.0017e+05  1.15e-03  1.15e-08  7.07e+03  0.00e+00  5.87e-05  1.52e-04  9.63e-03  2.72e-06  2.14e-01  1.42e-01
   24   1.0485e+05   1.0476e+05  9.67e-04  9.23e-09  6.34e+03  0.00e+00  5.26e-05  1.43e-04  8.57e-03  2.28e-06  1.98e-01  1.98e-01
   25   1.0909e+05   1.0901e+05  8.03e-04  7.37e-09  5.64e+03  0.00e+00  4.68e-05  1.33e-04  7.58e-03  1.90e-06  1.77e-01  2.06e-01
   26   1.2303e+05   1.2299e+05  4.09e-04  3.32e-09  4.15e+03  0.00e+00  3.44e-05  9.24e-05  5.98e-03  9.66e-07  1.97e-01  6.11e-01
   27   1.3215e+05   1.3214e+05  2.69e-04  2.03e-09  3.31e+03  0.00e+00  2.75e-05  7.62e-05  4.73e-03  6.35e-07  1.87e-01  4.21e-01
   28   1.4289e+05   1.4289e+05  1.70e-04  1.19e-09  2.55e+03  0.00e+00  2.12e-05  6.24e-05  3.62e-03  4.01e-07  1.77e-01  4.47e-01
   29   1.5360e+05   1.5361e+05  1.05e-04  6.84e-10  1.95e+03  0.00e+00  1.62e-05  5.04e-05  2.77e-03  2.48e-07  1.89e-01  4.71e-01
   30   1.6143e+05   1.6144e+05  7.30e-05  4.52e-10  1.53e+03  0.00e+00  1.27e-05  4.47e-05  2.21e-03  1.72e-07  1.99e-01  3.81e-01
   31   1.6877e+05   1.6879e+05  5.19e-05  3.07e-10  1.34e+03  0.00e+00  1.11e-05  3.64e-05  1.91e-03  1.22e-07  2.01e-01  3.62e-01
   32   1.7324e+05   1.7327e+05  3.98e-05  2.30e-10  1.27e+03  0.00e+00  1.05e-05  2.94e-05  1.79e-03  9.39e-08  2.14e-01  2.96e-01
   33   1.7884e+05   1.7888e+05  2.95e-05  1.65e-10  1.06e+03  0.00e+00  8.80e-06  2.61e-05  1.49e-03  6.96e-08  1.61e-01  3.09e-01
   34   1.8548e+05   1.8551e+05  2.21e-05  1.19e-10  8.53e+02  0.00e+00  7.08e-06  2.43e-05  1.18e-03  5.22e-08  1.71e-01  3.02e-01
   35   1.8583e+05   1.8586e+05  2.14e-05  1.15e-10  8.53e+02  0.00e+00  7.09e-06  2.35e-05  1.18e-03  5.06e-08  2.30e-01  3.89e-02
   36   1.9697e+05   1.9701e+05  1.15e-05  5.82e-11  5.88e+02  0.00e+00  4.88e-06  1.83e-05  8.51e-04  2.71e-08  1.75e-01  5.64e-01
   37   2.0278e+05   2.0281e+05  7.76e-06  3.82e-11  4.34e+02  0.00e+00  3.60e-06  1.68e-05  6.48e-04  1.83e-08  1.84e-01  3.97e-01
   38   2.0823e+05   2.0826e+05  5.53e-06  2.66e-11  3.63e+02  0.00e+00  3.02e-06  1.43e-05  5.39e-04  1.31e-08  1.92e-01  3.55e-01
   39   2.1512e+05   2.1514e+05  3.34e-06  1.55e-11  2.31e+02  0.00e+00  1.92e-06  1.35e-05  3.36e-04  7.88e-09  1.57e-01  4.71e-01
   40   2.1856e+05   2.1857e+05  2.42e-06  1.11e-11  1.72e+02  0.00e+00  1.43e-06  1.32e-05  2.52e-04  5.72e-09  1.98e-01  3.41e-01
   41   2.2094e+05   2.2096e+05  1.73e-06  7.82e-12  1.32e+02  0.00e+00  1.10e-06  1.22e-05  1.97e-04  4.08e-09  1.83e-01  3.52e-01
   42   2.2221e+05   2.2222e+05  1.38e-06  6.21e-12  1.13e+02  0.00e+00  9.38e-07  1.15e-05  1.71e-04  3.26e-09  2.12e-01  2.55e-01
   43   2.2370e+05   2.2371e+05  1.09e-06  4.86e-12  9.07e+01  0.00e+00  7.54e-07  1.12e-05  1.38e-04  2.57e-09  1.62e-01  2.52e-01
   44   2.2617e+05   2.2617e+05  6.32e-07  2.79e-12  5.62e+01  0.00e+00  4.67e-07  1.05e-05  9.11e-05  1.49e-09  1.70e-01  5.05e-01
   45   2.2770e+05   2.2771e+05  3.51e-07  1.54e-12  3.18e+01  0.00e+00  2.64e-07  1.04e-05  5.44e-05  8.30e-10  1.47e-01  5.20e-01
   46   2.2880e+05   2.2880e+05  1.78e-07  7.79e-13  1.63e+01  0.00e+00  1.35e-07  1.03e-05  2.95e-05  4.21e-10  1.44e-01  5.75e-01
   47   2.2909e+05   2.2909e+05  1.36e-07  5.94e-13  1.25e+01  0.00e+00  1.04e-07  1.02e-05  2.32e-05  3.22e-10  2.02e-01  2.96e-01
   48   2.2939e+05   2.2939e+05  9.29e-08  4.05e-13  8.62e+00  0.00e+00  7.16e-08  1.01e-05  1.64e-05  2.19e-10  1.66e-01  3.81e-01
   49   2.2978e+05   2.2978e+05  3.78e-08  1.65e-13  3.50e+00  0.00e+00  2.91e-08  1.01e-05  7.08e-06  8.94e-11  1.49e-01  6.96e-01
   50   2.2994e+05   2.2994e+05  1.65e-08  7.16e-14  1.53e+00  0.00e+00  1.27e-08  1.01e-05  3.23e-06  3.89e-11  1.39e-01  6.56e-01
   51   2.2998e+05   2.2998e+05  1.10e-08  4.80e-14  1.03e+00  0.00e+00  8.52e-09  1.01e-05  2.17e-06  2.61e-11  8.95e-02  3.62e-01
   52   2.3005e+05   2.3005e+05  1.83e-09  7.96e-15  1.71e-01  0.00e+00  1.42e-09  1.00e-05  4.06e-07  4.33e-12  1.14e-01  9.41e-01
   53   2.3006e+05   2.3006e+05  4.28e-10  1.86e-15  4.00e-02  0.00e+00  3.32e-10  1.00e-05  9.51e-08  1.01e-12  1.48e-02  7.78e-01
   54   2.3006e+05   2.3006e+05  2.33e-10  1.01e-15  2.17e-02  0.00e+00  1.80e-10  1.01e-05  5.18e-08  5.51e-13  9.63e-02  5.05e-01
   55   2.3006e+05   2.3006e+05  4.04e-11  1.76e-16  3.96e-03  0.00e+00  3.15e-11  1.01e-05  9.12e-09  9.54e-14  2.08e-02  8.43e-01
   56   2.3006e+05   2.3006e+05  1.82e-11  7.90e-17  3.34e-03  0.00e+00  1.44e-11  1.00e-05  4.19e-09  4.30e-14  8.30e-02  5.93e-01
   57   2.3006e+05   2.3006e+05  7.43e-13  3.23e-18  4.46e-04  0.00e+00  5.69e-13  1.00e-05  1.66e-10  1.76e-15  6.16e-05  9.60e-01
   58   2.3006e+05   2.3006e+05  6.34e-13  2.76e-18  3.91e-04  0.00e+00  4.96e-13  1.00e-05  1.45e-10  1.50e-15  2.11e-01  1.62e-01
   59   2.3006e+05   2.3006e+05  2.81e-13  1.22e-18  1.75e-04  0.00e+00  2.21e-13  1.00e-05  6.46e-11  6.64e-16  7.35e-02  5.99e-01
   60   2.3006e+05   2.3006e+05  9.42e-14  4.09e-19  2.48e-04  0.00e+00  5.92e-14  1.00e-05  1.75e-11  2.23e-16  1.14e-01  8.26e-01
   61   2.3006e+05   2.3006e+05  9.40e-14  4.08e-19  2.47e-04  0.00e+00  5.91e-14  1.00e-05  1.74e-11  2.22e-16  2.50e-01  3.19e-03

status is NumericalFailure after 61 iterations and 21.566 seconds

took 25.495065134 seconds
┌ Warning: switching Hessian cache from Cholesky to Bunch Kaufman
└ @ Hypatia.Cones ~/.julia/dev/Hypatia/src/Cones/Cones.jl:94
┌ Warning: switching Hessian cache from Cholesky to Bunch Kaufman
└ @ Hypatia.Cones ~/.julia/dev/Hypatia/src/Cones/Cones.jl:94
┌ Warning: switching Hessian cache from Cholesky to Bunch Kaufman
└ @ Hypatia.Cones ~/.julia/dev/Hypatia/src/Cones/Cones.jl:94
┌ Warning: switching Hessian cache from Cholesky to Bunch Kaufman
└ @ Hypatia.Cones ~/.julia/dev/Hypatia/src/Cones/Cones.jl:94
┌ Warning: switching Hessian cache from Cholesky to Bunch Kaufman
└ @ Hypatia.Cones ~/.julia/dev/Hypatia/src/Cones/Cones.jl:94
┌ Warning: switching Hessian cache from Cholesky to Bunch Kaufman
└ @ Hypatia.Cones ~/.julia/dev/Hypatia/src/Cones/Cones.jl:94
┌ Warning: switching Hessian cache from Cholesky to Bunch Kaufman
└ @ Hypatia.Cones ~/.julia/dev/Hypatia/src/Cones/Cones.jl:94
┌ Warning: switching Hessian cache from Cholesky to Bunch Kaufman
└ @ Hypatia.Cones ~/.julia/dev/Hypatia/src/Cones/Cones.jl:94
┌ Warning: switching Hessian cache from Cholesky to Bunch Kaufman
└ @ Hypatia.Cones ~/.julia/dev/Hypatia/src/Cones/Cones.jl:94
┌ Warning: switching Hessian cache from Cholesky to Bunch Kaufman
└ @ Hypatia.Cones ~/.julia/dev/Hypatia/src/Cones/Cones.jl:94
┌ Warning: switching Hessian cache from Cholesky to Bunch Kaufman
└ @ Hypatia.Cones ~/.julia/dev/Hypatia/src/Cones/Cones.jl:94
┌ Warning: switching Hessian cache from Cholesky to Bunch Kaufman
└ @ Hypatia.Cones ~/.julia/dev/Hypatia/src/Cones/Cones.jl:94
┌ Warning: switching Hessian cache from Cholesky to Bunch Kaufman
└ @ Hypatia.Cones ~/.julia/dev/Hypatia/src/Cones/Cones.jl:94
┌ Warning: switching Hessian cache from Cholesky to Bunch Kaufman
└ @ Hypatia.Cones ~/.julia/dev/Hypatia/src/Cones/Cones.jl:94
┌ Warning: switching Hessian cache from Cholesky to Bunch Kaufman
└ @ Hypatia.Cones ~/.julia/dev/Hypatia/src/Cones/Cones.jl:94
┌ Warning: very small alpha
└ @ Hypatia.Solvers ~/.julia/dev/Hypatia/src/Solvers/stepper.jl:211
┌ Warning: Hypatia status NumericalFailure not handled
└ @ Hypatia ~/.julia/dev/Hypatia/src/MathOptInterface/wrapper.jl:530


instance ravem
ran at: 2020-05-14T11:40:30.362
with solver: hypatia, system solver: qrchol_dense


reading instance and constructing model...
took 1.34983528 seconds
building model...
took 10.239240533 seconds

solving model...

 iter        p_obj        d_obj   abs_gap   rel_gap    x_feas    y_feas    z_feas       tau       kap        mu     gamma     alpha
    0   2.9046e+03  -6.4685e+03  4.23e+02       NaN  3.97e+05  0.00e+00  3.30e-03  1.00e+00  1.00e+00  1.00e+00
    1   2.2462e+03  -6.9114e+03  1.21e+02       NaN  3.88e+05  0.00e+00  3.22e-03  2.92e-01  9.88e-01  2.85e-01  1.26e-01  8.18e-01
    2   1.6541e+03  -6.4008e+03  5.47e+01       NaN  3.41e+05  0.00e+00  2.83e-03  1.50e-01  8.89e-01  1.29e-01  2.07e-01  6.89e-01
    3   1.8723e+03  -4.8391e+03  2.75e+01       NaN  2.84e+05  0.00e+00  2.36e-03  9.07e-02  7.18e-01  6.50e-02  1.70e-01  5.99e-01
    4   3.3381e+03  -2.4511e+03  1.54e+01       NaN  2.45e+05  0.00e+00  2.04e-03  5.89e-02  5.72e-01  3.64e-02  1.80e-01  5.36e-01
    5   5.9891e+03   1.1068e+03  5.75e+00  5.20e-03  2.07e+05  0.00e+00  1.72e-03  2.60e-02  4.48e-01  1.36e-02  2.02e-01  7.86e-01
    6   9.6329e+03   5.8171e+03  2.30e+00  3.96e-04  1.63e+05  0.00e+00  1.35e-03  1.33e-02  3.43e-01  5.45e-03  1.65e-01  7.18e-01
    7   1.6105e+04   1.3446e+04  8.20e-01  6.10e-05  1.14e+05  0.00e+00  9.47e-04  6.74e-03  2.42e-01  1.94e-03  2.04e-01  8.10e-01
    8   2.2988e+04   2.0964e+04  3.58e-01  1.71e-05  8.76e+04  0.00e+00  7.28e-04  3.83e-03  1.75e-01  8.47e-04  2.00e-01  7.03e-01
    9   3.2265e+04   3.0945e+04  1.75e-01  5.65e-06  5.75e+04  0.00e+00  4.77e-04  2.85e-03  1.09e-01  4.13e-04  1.70e-01  6.17e-01
   10   3.2766e+04   3.1404e+04  1.42e-01  4.52e-06  5.97e+04  0.00e+00  4.96e-04  2.23e-03  1.08e-01  3.35e-04  2.21e-01  2.42e-01
   11   4.1239e+04   4.0362e+04  7.90e-02  1.96e-06  3.86e+04  0.00e+00  3.21e-04  1.92e-03  6.76e-02  1.87e-04  1.74e-01  5.36e-01
   12   4.1758e+04   4.0874e+04  7.00e-02  1.71e-06  3.91e+04  0.00e+00  3.25e-04  1.68e-03  6.69e-02  1.65e-04  2.10e-01  1.45e-01
   13   4.9040e+04   4.8452e+04  4.18e-02  8.62e-07  2.61e+04  0.00e+00  2.17e-04  1.50e-03  4.29e-02  9.86e-05  1.93e-01  5.00e-01
   14   4.9006e+04   4.8395e+04  3.91e-02  8.08e-07  2.72e+04  0.00e+00  2.26e-04  1.35e-03  4.41e-02  9.24e-05  2.31e-01  8.20e-02
   15   5.3796e+04   5.3283e+04  2.33e-02  4.38e-07  2.34e+04  0.00e+00  1.94e-04  9.34e-04  3.69e-02  5.51e-05  1.77e-01  4.90e-01
   16   6.0142e+04   5.9763e+04  1.32e-02  2.20e-07  1.77e+04  0.00e+00  1.47e-04  6.96e-04  2.74e-02  3.11e-05  1.61e-01  5.20e-01
   17   6.4560e+04   6.4217e+04  9.36e-03  1.46e-07  1.65e+04  0.00e+00  1.37e-04  5.33e-04  2.47e-02  2.21e-05  2.04e-01  3.62e-01
   18   7.2859e+04   7.2613e+04  5.28e-03  7.27e-08  1.24e+04  0.00e+00  1.03e-04  3.99e-04  1.85e-02  1.25e-05  1.78e-01  5.31e-01
   19   7.5875e+04   7.5641e+04  4.25e-03  5.61e-08  1.22e+04  0.00e+00  1.02e-04  3.25e-04  1.79e-02  1.00e-05  2.18e-01  2.50e-01
   20   8.2988e+04   8.2803e+04  2.89e-03  3.49e-08  1.01e+04  0.00e+00  8.42e-05  2.67e-04  1.44e-02  6.83e-06  1.56e-01  3.77e-01
   21   8.8456e+04   8.8302e+04  1.98e-03  2.24e-08  9.23e+03  0.00e+00  7.66e-05  2.01e-04  1.30e-02  4.68e-06  2.13e-01  4.01e-01
   22   9.8500e+04   9.8390e+04  1.31e-03  1.33e-08  6.96e+03  0.00e+00  5.78e-05  1.76e-04  9.57e-03  3.08e-06  1.66e-01  4.09e-01
   23   1.0064e+05   1.0054e+05  1.13e-03  1.13e-08  7.04e+03  0.00e+00  5.85e-05  1.51e-04  9.55e-03  2.68e-06  2.13e-01  1.67e-01
   24   1.0571e+05   1.0562e+05  9.27e-04  8.78e-09  6.24e+03  0.00e+00  5.18e-05  1.39e-04  8.40e-03  2.19e-06  1.83e-01  2.24e-01
   25   1.1105e+05   1.1098e+05  7.29e-04  6.57e-09  5.33e+03  0.00e+00  4.43e-05  1.28e-04  7.18e-03  1.72e-06  1.86e-01  2.63e-01
   26   1.1477e+05   1.1471e+05  6.11e-04  5.33e-09  5.20e+03  0.00e+00  4.32e-05  1.10e-04  6.94e-03  1.44e-06  2.03e-01  2.02e-01
   27   1.2226e+05   1.2222e+05  4.36e-04  3.57e-09  4.02e+03  0.00e+00  3.34e-05  1.02e-04  5.43e-03  1.03e-06  1.93e-01  3.55e-01
   28   1.2716e+05   1.2713e+05  3.64e-04  2.86e-09  3.73e+03  0.00e+00  3.10e-05  9.13e-05  4.99e-03  8.59e-07  1.89e-01  2.04e-01
   29   1.3996e+05   1.3995e+05  1.83e-04  1.30e-09  2.62e+03  0.00e+00  2.17e-05  6.53e-05  3.74e-03  4.31e-07  1.68e-01  5.99e-01
   30   1.4275e+05   1.4275e+05  1.67e-04  1.17e-09  2.48e+03  0.00e+00  2.06e-05  6.33e-05  3.51e-03  3.95e-07  2.20e-01  1.06e-01
   31   1.4675e+05   1.4674e+05  1.46e-04  9.97e-10  2.28e+03  0.00e+00  1.90e-05  6.01e-05  3.19e-03  3.46e-07  1.77e-01  1.53e-01
   32   1.5376e+05   1.5377e+05  1.08e-04  7.01e-10  2.10e+03  0.00e+00  1.75e-05  4.80e-05  2.90e-03  2.55e-07  1.80e-01  3.21e-01
   33   1.5752e+05   1.5753e+05  8.99e-05  5.71e-10  1.82e+03  0.00e+00  1.51e-05  4.62e-05  2.53e-03  2.12e-07  1.61e-01  1.98e-01
   34   1.6496e+05   1.6498e+05  5.81e-05  3.52e-10  1.37e+03  0.00e+00  1.14e-05  3.98e-05  1.94e-03  1.37e-07  1.60e-01  4.21e-01
   35   1.7202e+05   1.7204e+05  4.51e-05  2.62e-10  1.20e+03  0.00e+00  9.93e-06  3.53e-05  1.67e-03  1.06e-07  1.96e-01  2.79e-01
   36   1.7767e+05   1.7769e+05  3.21e-05  1.80e-10  1.00e+03  0.00e+00  8.32e-06  3.00e-05  1.40e-03  7.57e-08  1.87e-01  3.55e-01
   37   1.8715e+05   1.8718e+05  1.87e-05  9.99e-11  7.61e+02  0.00e+00  6.32e-06  2.30e-05  1.07e-03  4.41e-08  1.82e-01  5.10e-01
   38   1.9796e+05   1.9799e+05  1.06e-05  5.35e-11  5.21e+02  0.00e+00  4.33e-06  1.90e-05  7.47e-04  2.50e-08  1.67e-01  5.20e-01
   39   2.0363e+05   2.0365e+05  7.69e-06  3.78e-11  3.95e+02  0.00e+00  3.28e-06  1.83e-05  5.63e-04  1.82e-08  1.82e-01  3.34e-01
   40   2.1032e+05   2.1034e+05  4.83e-06  2.30e-11  3.15e+02  0.00e+00  2.62e-06  1.43e-05  4.60e-04  1.14e-08  2.00e-01  4.66e-01
   41   2.1581e+05   2.1583e+05  3.02e-06  1.40e-11  2.15e+02  0.00e+00  1.78e-06  1.32e-05  3.15e-04  7.13e-09  1.45e-01  4.39e-01
   42   2.1993e+05   2.1995e+05  1.95e-06  8.86e-12  1.48e+02  0.00e+00  1.23e-06  1.24e-05  2.24e-04  4.60e-09  2.09e-01  4.47e-01
   43   2.2347e+05   2.2348e+05  1.14e-06  5.08e-12  8.93e+01  0.00e+00  7.42e-07  1.19e-05  1.39e-04  2.68e-09  1.65e-01  5.00e-01
   44   2.2395e+05   2.2396e+05  1.02e-06  4.57e-12  8.43e+01  0.00e+00  7.00e-07  1.14e-05  1.31e-04  2.42e-09  2.09e-01  1.24e-01
   45   2.2685e+05   2.2686e+05  5.01e-07  2.21e-12  4.50e+01  0.00e+00  3.74e-07  1.04e-05  7.54e-05  1.18e-09  1.65e-01  6.11e-01
   46   2.2783e+05   2.2783e+05  3.26e-07  1.43e-12  2.96e+01  0.00e+00  2.46e-07  1.03e-05  5.16e-05  7.71e-10  1.63e-01  4.17e-01
   47   2.2858e+05   2.2858e+05  2.09e-07  9.14e-13  1.90e+01  0.00e+00  1.58e-07  1.03e-05  3.40e-05  4.94e-10  1.29e-01  4.13e-01
   48   2.2917e+05   2.2917e+05  1.22e-07  5.33e-13  1.12e+01  0.00e+00  9.31e-08  1.02e-05  2.10e-05  2.88e-10  1.68e-01  5.00e-01
   49   2.2962e+05   2.2963e+05  6.16e-08  2.68e-13  5.65e+00  0.00e+00  4.70e-08  1.02e-05  1.10e-05  1.45e-10  1.97e-01  6.17e-01
   50   2.2972e+05   2.2972e+05  4.66e-08  2.03e-13  4.29e+00  0.00e+00  3.56e-08  1.02e-05  8.46e-06  1.10e-10  1.69e-01  2.93e-01
   51   2.2986e+05   2.2986e+05  2.70e-08  1.17e-13  2.50e+00  0.00e+00  2.07e-08  1.01e-05  4.93e-06  6.38e-11  2.25e-02  4.30e-01
   52   2.3004e+05   2.3004e+05  2.37e-09  1.03e-14  2.22e-01  0.00e+00  1.84e-09  1.00e-05  4.92e-07  5.61e-12  4.09e-02  9.51e-01
   53   2.3005e+05   2.3005e+05  1.59e-09  6.89e-15  1.48e-01  0.00e+00  1.23e-09  1.00e-05  3.31e-07  3.75e-12  9.30e-02  3.66e-01
   54   2.3006e+05   2.3006e+05  7.86e-10  3.42e-15  7.33e-02  0.00e+00  6.09e-10  1.01e-05  1.67e-07  1.86e-12  1.32e-01  5.81e-01
   55   2.3006e+05   2.3006e+05  5.20e-10  2.26e-15  4.86e-02  0.00e+00  4.03e-10  1.00e-05  1.12e-07  1.23e-12  1.89e-01  4.17e-01
   56   2.3006e+05   2.3006e+05  4.44e-10  1.93e-15  4.19e-02  0.00e+00  3.44e-10  1.00e-05  9.56e-08  1.05e-12  1.57e-01  1.74e-01
   57   2.3006e+05   2.3006e+05  4.35e-10  1.89e-15  4.07e-02  0.00e+00  3.37e-10  1.00e-05  9.37e-08  1.03e-12  9.30e-02  2.22e-02
   58   2.3006e+05   2.3006e+05  1.21e-10  5.26e-16  5.28e-01  0.00e+00  9.30e-11  1.00e-05  2.61e-08  2.86e-13  5.88e-02  7.70e-01
   59   2.3006e+05   2.3006e+05  7.95e-11  3.45e-16  3.57e-01  0.00e+00  6.14e-11  1.00e-05  1.74e-08  1.88e-13  1.67e-01  4.09e-01
   60   2.3006e+05   2.3006e+05  6.82e-11  2.97e-16  3.08e-01  0.00e+00  5.28e-11  1.00e-05  1.50e-08  1.61e-13  2.20e-01  1.79e-01
   61   2.3006e+05   2.3006e+05  6.57e-11  2.85e-16  3.83e-01  0.00e+00  5.06e-11  1.00e-05  1.44e-08  1.55e-13  2.24e-01  5.31e-02
   62   2.3006e+05   2.3006e+05  4.72e-11  2.05e-16  2.96e-01  0.00e+00  3.64e-11  1.00e-05  1.04e-08  1.11e-13  2.39e-01  3.70e-01
   63   2.3006e+05   2.3006e+05  3.91e-11  1.70e-16  2.46e-01  0.00e+00  3.02e-11  1.00e-05  8.65e-09  9.24e-14  1.77e-02  1.74e-01
   64   2.3006e+05   2.3006e+05  3.87e-11  1.68e-16  2.43e-01  0.00e+00  2.99e-11  1.00e-05  8.56e-09  9.15e-14  8.80e-03  9.92e-03

status is NumericalFailure after 64 iterations and 10.438 seconds

took 14.607142529 seconds
┌ Warning: switching Hessian cache from Cholesky to Bunch Kaufman
└ @ Hypatia.Cones ~/.julia/dev/Hypatia/src/Cones/Cones.jl:94
┌ Warning: switching Hessian cache from Cholesky to Bunch Kaufman
└ @ Hypatia.Cones ~/.julia/dev/Hypatia/src/Cones/Cones.jl:94
┌ Warning: switching Hessian cache from Cholesky to Bunch Kaufman
└ @ Hypatia.Cones ~/.julia/dev/Hypatia/src/Cones/Cones.jl:94
┌ Warning: switching Hessian cache from Cholesky to Bunch Kaufman
└ @ Hypatia.Cones ~/.julia/dev/Hypatia/src/Cones/Cones.jl:94
┌ Warning: switching Hessian cache from Cholesky to Bunch Kaufman
└ @ Hypatia.Cones ~/.julia/dev/Hypatia/src/Cones/Cones.jl:94
┌ Warning: switching Hessian cache from Cholesky to Bunch Kaufman
└ @ Hypatia.Cones ~/.julia/dev/Hypatia/src/Cones/Cones.jl:94
┌ Warning: switching Hessian cache from Cholesky to Bunch Kaufman
└ @ Hypatia.Cones ~/.julia/dev/Hypatia/src/Cones/Cones.jl:94
┌ Warning: switching Hessian cache from Cholesky to Bunch Kaufman
└ @ Hypatia.Cones ~/.julia/dev/Hypatia/src/Cones/Cones.jl:94
┌ Warning: switching Hessian cache from Cholesky to Bunch Kaufman
└ @ Hypatia.Cones ~/.julia/dev/Hypatia/src/Cones/Cones.jl:94
┌ Warning: switching Hessian cache from Cholesky to Bunch Kaufman
└ @ Hypatia.Cones ~/.julia/dev/Hypatia/src/Cones/Cones.jl:94
┌ Warning: very small alpha
└ @ Hypatia.Solvers ~/.julia/dev/Hypatia/src/Solvers/stepper.jl:211
┌ Warning: Hypatia status NumericalFailure not handled
└ @ Hypatia ~/.julia/dev/Hypatia/src/MathOptInterface/wrapper.jl:530

