
reading instance and constructing model...
took 0.000277104 seconds
building model...
took 0.001669019 seconds

solving model...

 iter        p_obj        d_obj   abs_gap   rel_gap    x_feas    y_feas    z_feas       tau       kap        mu     gamma     alpha
    0   7.6261e+00   1.8075e+00  2.90e+01  1.60e+01  1.77e+00  0.00e+00  7.24e-01  1.00e+00  1.00e+00  1.00e+00
aff_alpha = 0.7935349222152911
alpha = 0.9042916368013036
    1   8.8820e+00   8.1533e+00  2.97e+00  3.64e-01  2.68e-01  0.00e+00  1.10e-01  6.85e-01  2.08e-01  1.04e-01  8.80e-03  9.04e-01
aff_alpha = 0.857659573991157
alpha = 0.7212250358605831
    2   8.8204e+00   8.6307e+00  8.39e-01  9.72e-02  6.23e-02  0.00e+00  2.54e-02  8.29e-01  4.12e-02  2.91e-02  2.88e-03  7.21e-01
aff_alpha = 0.8529919075076889
alpha = 0.2996411238879797
    3   8.8030e+00   8.6726e+00  5.88e-01  6.78e-02  4.27e-02  0.00e+00  1.74e-02  8.48e-01  2.88e-02  2.04e-02  3.18e-03  3.00e-01
aff_alpha = 0.8557880466591234
alpha = 0.3011547929723767
    4   8.7885e+00   8.6987e+00  4.11e-01  4.73e-02  2.94e-02  0.00e+00  1.20e-02  8.62e-01  2.01e-02  1.43e-02  3.00e-03  3.01e-01
aff_alpha = 0.8655001293046304
alpha = 0.3510094937546007
    5   8.7755e+00   8.7180e+00  2.67e-01  3.06e-02  1.88e-02  0.00e+00  7.69e-03  8.74e-01  1.30e-02  9.29e-03  2.43e-03  3.51e-01
aff_alpha = 0.8923961802128091
alpha = 0.3963627385875092
    6   8.7653e+00   8.7308e+00  1.61e-01  1.85e-02  1.13e-02  0.00e+00  4.60e-03  8.82e-01  7.85e-03  5.61e-03  1.25e-03  3.96e-01
aff_alpha = 0.9183905854290183
alpha = 0.47045362722747724
    7   8.7575e+00   8.7394e+00  8.55e-02  9.78e-03  5.93e-03  0.00e+00  2.42e-03  8.89e-01  4.16e-03  2.97e-03  5.44e-04  4.70e-01
aff_alpha = 0.9339531530078488
alpha = 0.5638487999333422
    8   8.7524e+00   8.7445e+00  3.73e-02  4.26e-03  2.57e-03  0.00e+00  1.05e-03  8.93e-01  1.81e-03  1.30e-03  2.88e-04  5.64e-01
aff_alpha = 0.928814474902087
alpha = 0.9134258957588925
    9   8.7487e+00   8.7480e+00  3.24e-03  3.70e-04  2.23e-04  0.00e+00  9.11e-05  8.96e-01  1.58e-04  1.13e-04  3.61e-04  9.13e-01
aff_alpha = 0.9798036888202898
alpha = 0.6425473409245097
   10   8.7484e+00   8.7482e+00  1.16e-03  1.32e-04  7.97e-05  0.00e+00  3.25e-05  8.96e-01  5.63e-05  4.03e-05  8.24e-06  6.43e-01
aff_alpha = 0.9898189352829376
alpha = 0.5471019267265221
   11   8.7483e+00   8.7482e+00  5.24e-04  5.99e-05  3.61e-05  0.00e+00  1.47e-05  8.96e-01  2.55e-05  1.82e-05  1.06e-06  5.47e-01
aff_alpha = 0.9898637039868953
alpha = 0.6110561278089117
   12   8.7483e+00   8.7483e+00  2.04e-04  2.33e-05  1.40e-05  0.00e+00  5.73e-06  8.96e-01  9.92e-06  7.10e-06  1.04e-06  6.11e-01
aff_alpha = 0.9898872181218029
alpha = 0.762266480075669
   13   8.7483e+00   8.7483e+00  4.85e-05  5.54e-06  3.34e-06  0.00e+00  1.36e-06  8.96e-01  2.36e-06  1.69e-06  1.03e-06  7.62e-01
aff_alpha = 0.9898981393352583
alpha = 0.98000199
   14   8.7483e+00   8.7483e+00  9.70e-07  1.11e-07  6.68e-08  0.00e+00  2.73e-08  8.96e-01  4.72e-08  3.37e-08  1.03e-06  9.80e-01
aff_alpha = 0.9879059316730933
alpha = 0.0

status is NumericalFailure after 14 iterations and 8.024 seconds

took 8.024144835 seconds
