
reading instance and constructing model...
took 0.000434217 seconds
building model...
took 0.002838086 seconds

solving model...

 iter        p_obj        d_obj   abs_gap   rel_gap    x_feas    y_feas    z_feas       tau       kap        mu     gamma     alpha
    0   1.1374e+01   3.0279e+00  2.20e+01  7.27e+00  1.56e+00  0.00e+00  4.25e-01  1.00e+00  1.00e+00  1.00e+00
aff_alpha = 0.6756614761553771
alpha = 0.9042916368013036
    1   1.2964e+01   1.1595e+01  2.75e+00  2.37e-01  2.85e-01  0.00e+00  7.77e-02  6.93e-01  2.34e-01  1.27e-01  3.41e-02  9.04e-01
aff_alpha = 0.4898412839769044
alpha = 0.5638487999333422
    2   1.3255e+01   1.2546e+01  1.40e+00  1.12e-01  1.45e-01  0.00e+00  3.96e-02  6.90e-01  1.11e-01  6.43e-02  1.28e-01  5.64e-01
aff_alpha = 0.5886542163297538
alpha = 0.989901
    3   1.3373e+01   1.3317e+01  1.14e-01  8.53e-03  1.03e-02  0.00e+00  2.80e-03  7.71e-01  4.16e-03  5.08e-03  6.96e-02  9.90e-01
aff_alpha = 0.596440736649387
alpha = 0.5150856037120609
    4   1.3356e+01   1.3328e+01  5.89e-02  4.42e-03  5.25e-03  0.00e+00  1.43e-03  7.83e-01  2.23e-03  2.64e-03  6.57e-02  5.15e-01
aff_alpha = 0.6202611239806307
alpha = 0.8862962332289577
    5   1.3343e+01   1.3339e+01  9.51e-03  7.13e-04  8.47e-04  0.00e+00  2.31e-04  7.87e-01  4.16e-04  4.28e-04  5.48e-02  8.86e-01
aff_alpha = 0.8425645691196137
alpha = 0.8178251469034711
    6   1.3343e+01   1.3342e+01  1.76e-03  1.32e-04  1.57e-04  0.00e+00  4.28e-05  7.87e-01  7.73e-05  7.92e-05  3.90e-03  8.18e-01
aff_alpha = 0.8344303100739425
alpha = 0.9226524199584774
    7   1.3343e+01   1.3343e+01  1.44e-04  1.08e-05  1.28e-05  0.00e+00  3.49e-06  7.87e-01  6.37e-06  6.46e-06  4.54e-03  9.23e-01
aff_alpha = 0.7393599575298628
alpha = 0.6893801409604909
    8   1.3343e+01   1.3343e+01  4.63e-05  3.47e-06  4.13e-06  0.00e+00  1.13e-06  7.88e-01  2.08e-06  2.09e-06  1.77e-02  6.89e-01
aff_alpha = 0.8599719434466387
alpha = 0.9319721413721993
    9   1.3343e+01   1.3343e+01  3.27e-06  2.45e-07  2.91e-07  0.00e+00  7.95e-08  7.88e-01  1.48e-07  1.47e-07  2.75e-03  9.32e-01
aff_alpha = 0.7175685237270883
alpha = 0.5811082974766977
   10   1.3343e+01   1.3343e+01  1.41e-06  1.06e-07  1.26e-07  0.00e+00  3.44e-08  7.88e-01  6.44e-08  6.36e-08  2.25e-02  5.81e-01
aff_alpha = 0.8680876775457814
alpha = 0.35512529862360226
   11   1.3343e+01   1.3343e+01  9.12e-07  6.84e-08  8.13e-08  0.00e+00  2.22e-08  7.88e-01  4.16e-08  4.11e-08  2.30e-03  3.55e-01
aff_alpha = 0.8948454240312754
alpha = 0.3659957380391017
   12   1.3343e+01   1.3343e+01  5.78e-07  4.33e-08  5.16e-08  0.00e+00  1.41e-08  7.88e-01  2.64e-08  2.60e-08  1.16e-03  3.66e-01
aff_alpha = 0.9413860013860599
alpha = 0.31162991534099743
   13   1.3343e+01   1.3343e+01  3.95e-07  2.96e-08  3.57e-08  0.00e+00  9.74e-09  7.83e-01  1.83e-08  1.78e-08  2.01e-04  3.12e-01
aff_alpha = 0.93470112541559
alpha = 0.39267175725496895
   14   1.3343e+01   1.3343e+01  2.40e-07  1.80e-08  2.17e-08  0.00e+00  5.91e-09  7.84e-01  1.11e-08  1.08e-08  2.78e-04  3.93e-01
aff_alpha = 0.9481163472385113
alpha = 0.12987021457608736
   15   1.3343e+01   1.3343e+01  2.10e-07  1.57e-08  1.83e-08  0.00e+00  5.13e-09  7.86e-01  9.67e-09  9.45e-09  1.40e-04  1.30e-01
aff_alpha = 0.8862962332289577
alpha = 0.7382158102185604
   16   1.3343e+01   1.3343e+01  5.13e-08  3.85e-09  4.15e-09  0.00e+00  1.34e-09  7.91e-01  2.37e-09  2.31e-09  1.47e-03  7.38e-01
optimal solution found; terminating

status is Optimal after 16 iterations and 3.658 seconds

took 3.658494052 seconds
