
instance rijc787
ran at: 2020-05-12T18:14:52.463
with solver: hypatia, system solver: qrchol_dense
number type : Float64


reading instance and constructing model...
took 1.284767645 seconds
building model...
took 9.869951943 seconds

solving model...

 iter        p_obj        d_obj   abs_gap   rel_gap    x_feas    y_feas    z_feas       tau       kap        mu     gamma     alpha
    0   4.2777e+00  -1.1680e+02  1.52e+02       NaN  3.55e+00  0.00e+00  8.28e-01  1.00e+00  1.00e+00  1.00e+00
    1   5.3890e+00  -2.0122e+01  1.98e+01       NaN  7.56e-01  0.00e+00  1.76e-01  6.15e-01  2.82e-01  1.31e-01  7.66e-02  9.41e-01
    2   5.4916e+00   1.4845e+00  3.51e+00  2.37e+00  1.17e-01  0.00e+00  2.74e-02  6.98e-01  1.91e-02  2.31e-02  1.53e-02  8.36e-01
    3   5.3049e+00   4.6429e+00  6.84e-01  1.47e-01  1.94e-02  0.00e+00  4.53e-03  8.21e-01  4.46e-03  4.49e-03  8.23e-02  8.77e-01
    4   5.2249e+00   4.9905e+00  2.50e-01  5.02e-02  6.88e-03  0.00e+00  1.60e-03  8.50e-01  1.73e-03  1.65e-03  1.35e-01  7.32e-01
    5   5.2198e+00   5.0244e+00  2.10e-01  4.17e-02  5.73e-03  0.00e+00  1.34e-03  8.54e-01  1.45e-03  1.38e-03  1.90e-01  2.00e-01
    6   5.1974e+00   5.0924e+00  1.13e-01  2.23e-02  3.08e-03  0.00e+00  7.18e-04  8.60e-01  8.04e-04  7.46e-04  1.69e-01  5.53e-01
    7   5.1892e+00   5.1547e+00  3.77e-02  7.31e-03  1.01e-03  0.00e+00  2.37e-04  8.68e-01  2.75e-04  2.48e-04  1.59e-01  7.94e-01
    8   5.1856e+00   5.1765e+00  9.87e-03  1.91e-03  2.65e-04  0.00e+00  6.19e-05  8.69e-01  7.24e-05  6.49e-05  4.13e-02  7.70e-01
    9   5.1846e+00   5.1832e+00  1.52e-03  2.93e-04  4.08e-05  0.00e+00  9.52e-06  8.69e-01  1.13e-05  9.99e-06  7.37e-02  9.13e-01
   10   5.1845e+00   5.1843e+00  2.42e-04  4.67e-05  6.51e-06  0.00e+00  1.52e-06  8.69e-01  1.81e-06  1.59e-06  2.75e-03  8.43e-01
   11   5.1845e+00   5.1843e+00  1.51e-04  2.91e-05  4.07e-06  0.00e+00  9.47e-07  8.69e-01  1.13e-06  9.94e-07  3.88e-03  3.77e-01
   12   5.1845e+00   5.1844e+00  1.02e-04  1.96e-05  2.74e-06  0.00e+00  6.39e-07  8.69e-01  7.61e-07  6.70e-07  5.26e-03  3.28e-01
   13   5.1845e+00   5.1844e+00  4.37e-05  8.42e-06  1.17e-06  0.00e+00  2.74e-07  8.69e-01  3.26e-07  2.87e-07  6.90e-03  5.75e-01
   14   5.1845e+00   5.1844e+00  2.45e-05  4.74e-06  6.60e-07  0.00e+00  1.54e-07  8.69e-01  1.83e-07  1.61e-07  1.84e-03  4.39e-01
   15   5.1845e+00   5.1845e+00  9.52e-06  1.84e-06  2.56e-07  0.00e+00  5.97e-08  8.69e-01  7.11e-08  6.26e-08  7.82e-03  6.17e-01
   16   5.1845e+00   5.1845e+00  2.13e-06  4.11e-07  5.74e-08  0.00e+00  1.34e-08  8.69e-01  1.60e-08  1.40e-08  3.20e-02  8.02e-01
   17   5.1845e+00   5.1845e+00  1.50e-07  2.90e-08  4.05e-09  0.00e+00  9.43e-10  8.69e-01  1.14e-09  9.90e-10  7.05e-02  1.00e+00
   18   5.1845e+00   5.1845e+00  7.06e-08  1.36e-08  2.75e-08  0.00e+00  4.40e-10  8.71e-01  5.30e-10  4.64e-10  1.10e-01  5.99e-01
   19   5.1845e+00   5.1845e+00  1.35e-08  2.61e-09  1.90e-08  0.00e+00  7.84e-11  8.71e-01  9.43e-11  8.88e-11  5.26e-03  8.26e-01
   20   5.1845e+00   5.1845e+00  7.27e-09  1.40e-09  2.99e-08  0.00e+00  4.11e-11  8.71e-01  4.99e-11  4.78e-11  9.63e-02  5.26e-01
   21   5.1845e+00   5.1845e+00  4.24e-09  8.17e-10  1.68e-08  0.00e+00  2.31e-11  8.71e-01  2.83e-11  2.78e-11  1.30e-01  5.05e-01
   22   5.1845e+00   5.1845e+00  4.08e-09  7.87e-10  1.65e-08  0.00e+00  2.24e-11  8.71e-01  2.74e-11  2.68e-11  2.61e-02  3.09e-02
   23   5.1845e+00   5.1845e+00  4.07e-09  7.85e-10  1.65e-08  0.00e+00  2.23e-11  8.71e-01  2.74e-11  2.68e-11  1.45e-01  2.29e-03
   24   5.1845e+00   5.1845e+00  4.04e-09  7.79e-10  1.63e-08  0.00e+00  2.21e-11  8.71e-01  2.72e-11  2.65e-11  2.33e-01  1.06e-02
   25   5.1845e+00   5.1845e+00  2.71e-09  5.23e-10  1.12e-08  0.00e+00  1.45e-11  8.71e-01  1.79e-11  1.78e-11  9.63e-02  3.81e-01
optimal solution found; terminating

status is Optimal after 25 iterations and 42.165 seconds

took 46.357911705 seconds


instance rijc787
ran at: 2020-05-12T21:14:24.902
with solver: hypatia, system solver: qrchol_dense
number type : BigFloat


reading instance and constructing model...
took 1.257198899 seconds
building model...
took 9.861132608 seconds

solving model...

 iter        p_obj        d_obj   abs_gap   rel_gap    x_feas    y_feas    z_feas       tau       kap        mu     gamma     alpha
    0   4.2777e+00  -1.1680e+02  1.52e+02       NaN  3.55e+00  0.00e+00  8.28e-01  1.00e+00  1.00e+00  1.00e+00
    1   5.3890e+00  -2.0122e+01  1.98e+01       NaN  7.56e-01  0.00e+00  1.76e-01  6.15e-01  2.82e-01  1.31e-01  7.66e-02  9.41e-01
    2   5.4916e+00   1.4845e+00  3.51e+00  2.37e+00  1.17e-01  0.00e+00  2.74e-02  6.98e-01  1.91e-02  2.31e-02  1.53e-02  8.36e-01
    3   5.3049e+00   4.6429e+00  6.84e-01  1.47e-01  1.94e-02  0.00e+00  4.53e-03  8.21e-01  4.46e-03  4.49e-03  8.23e-02  8.77e-01
    4   5.2249e+00   4.9905e+00  2.50e-01  5.02e-02  6.88e-03  0.00e+00  1.60e-03  8.50e-01  1.73e-03  1.65e-03  1.35e-01  7.32e-01
    5   5.2198e+00   5.0244e+00  2.10e-01  4.17e-02  5.73e-03  0.00e+00  1.34e-03  8.54e-01  1.45e-03  1.38e-03  1.90e-01  2.00e-01
    6   5.1974e+00   5.0924e+00  1.13e-01  2.23e-02  3.08e-03  0.00e+00  7.18e-04  8.60e-01  8.04e-04  7.46e-04  1.69e-01  5.53e-01
    7   5.1892e+00   5.1547e+00  3.77e-02  7.31e-03  1.01e-03  0.00e+00  2.37e-04  8.68e-01  2.75e-04  2.48e-04  1.59e-01  7.94e-01
    8   5.1856e+00   5.1765e+00  9.87e-03  1.91e-03  2.65e-04  0.00e+00  6.19e-05  8.69e-01  7.24e-05  6.49e-05  4.13e-02  7.70e-01
    9   5.1846e+00   5.1832e+00  1.52e-03  2.93e-04  4.08e-05  0.00e+00  9.52e-06  8.69e-01  1.13e-05  9.99e-06  7.37e-02  9.13e-01
   10   5.1845e+00   5.1843e+00  2.42e-04  4.67e-05  6.51e-06  0.00e+00  1.52e-06  8.69e-01  1.81e-06  1.59e-06  2.75e-03  8.43e-01
   11   5.1845e+00   5.1843e+00  1.51e-04  2.91e-05  4.07e-06  0.00e+00  9.47e-07  8.69e-01  1.13e-06  9.94e-07  3.88e-03  3.77e-01
   12   5.1845e+00   5.1844e+00  1.02e-04  1.96e-05  2.74e-06  0.00e+00  6.39e-07  8.69e-01  7.61e-07  6.70e-07  5.26e-03  3.28e-01
   13   5.1845e+00   5.1844e+00  4.37e-05  8.42e-06  1.17e-06  0.00e+00  2.74e-07  8.69e-01  3.26e-07  2.87e-07  6.90e-03  5.75e-01
   14   5.1845e+00   5.1844e+00  2.45e-05  4.74e-06  6.60e-07  0.00e+00  1.54e-07  8.69e-01  1.83e-07  1.61e-07  1.84e-03  4.39e-01
   15   5.1845e+00   5.1845e+00  9.52e-06  1.84e-06  2.56e-07  0.00e+00  5.97e-08  8.69e-01  7.11e-08  6.26e-08  7.82e-03  6.17e-01
   16   5.1845e+00   5.1845e+00  2.13e-06  4.11e-07  5.74e-08  0.00e+00  1.34e-08  8.69e-01  1.60e-08  1.40e-08  3.20e-02  8.02e-01
   17   5.1845e+00   5.1845e+00  1.50e-07  2.90e-08  4.05e-09  0.00e+00  9.43e-10  8.69e-01  1.14e-09  9.90e-10  7.05e-02  1.00e+00
   18   5.1845e+00   5.1845e+00  1.59e-08  3.06e-09  4.27e-10  0.00e+00  9.95e-11  8.69e-01  1.20e-10  1.04e-10  8.77e-04  8.95e-01
optimal solution found; terminating

status is Optimal after 18 iterations and 35.961 seconds

took 41.555974461 seconds


instance rijc787
ran at: 2020-05-12T22:35:44.488
with solver: hypatia, system solver: qrchol_dense
number type : BigFloat


reading instance and constructing model...
took 1.286532652 seconds
building model...
took 9.811290114 seconds

solving model...

 iter        p_obj        d_obj   abs_gap   rel_gap    x_feas    y_feas    z_feas       tau       kap        mu     gamma     alpha
    0   4.2777e+00  -1.1680e+02  1.52e+02       NaN  3.55e+00  0.00e+00  8.28e-01  1.00e+00  1.00e+00  1.00e+00
    1   5.3890e+00  -2.0122e+01  1.98e+01       NaN  7.56e-01  0.00e+00  1.76e-01  6.15e-01  2.82e-01  1.31e-01  7.66e-02  9.41e-01
    2   5.4916e+00   1.4845e+00  3.51e+00  2.37e+00  1.17e-01  0.00e+00  2.74e-02  6.98e-01  1.91e-02  2.31e-02  1.53e-02  8.36e-01
    3   5.3049e+00   4.6429e+00  6.84e-01  1.47e-01  1.94e-02  0.00e+00  4.53e-03  8.21e-01  4.46e-03  4.49e-03  8.23e-02  8.77e-01
    4   5.2249e+00   4.9905e+00  2.50e-01  5.02e-02  6.88e-03  0.00e+00  1.60e-03  8.50e-01  1.73e-03  1.65e-03  1.35e-01  7.32e-01
    5   5.2198e+00   5.0244e+00  2.10e-01  4.17e-02  5.73e-03  0.00e+00  1.34e-03  8.54e-01  1.45e-03  1.38e-03  1.90e-01  2.00e-01
    6   5.1974e+00   5.0924e+00  1.13e-01  2.23e-02  3.08e-03  0.00e+00  7.18e-04  8.60e-01  8.04e-04  7.46e-04  1.69e-01  5.53e-01
    7   5.1892e+00   5.1547e+00  3.77e-02  7.31e-03  1.01e-03  0.00e+00  2.37e-04  8.68e-01  2.75e-04  2.48e-04  1.59e-01  7.94e-01
    8   5.1856e+00   5.1765e+00  9.87e-03  1.91e-03  2.65e-04  0.00e+00  6.19e-05  8.69e-01  7.24e-05  6.49e-05  4.13e-02  7.70e-01
    9   5.1846e+00   5.1832e+00  1.52e-03  2.93e-04  4.08e-05  0.00e+00  9.52e-06  8.69e-01  1.13e-05  9.99e-06  7.37e-02  9.13e-01
   10   5.1845e+00   5.1843e+00  2.42e-04  4.67e-05  6.51e-06  0.00e+00  1.52e-06  8.69e-01  1.81e-06  1.59e-06  2.75e-03  8.43e-01
   11   5.1845e+00   5.1843e+00  1.51e-04  2.91e-05  4.07e-06  0.00e+00  9.47e-07  8.69e-01  1.13e-06  9.94e-07  3.88e-03  3.77e-01
   12   5.1845e+00   5.1844e+00  1.02e-04  1.96e-05  2.74e-06  0.00e+00  6.39e-07  8.69e-01  7.61e-07  6.70e-07  5.26e-03  3.28e-01
   13   5.1845e+00   5.1844e+00  4.37e-05  8.42e-06  1.17e-06  0.00e+00  2.74e-07  8.69e-01  3.26e-07  2.87e-07  6.90e-03  5.75e-01
   14   5.1845e+00   5.1844e+00  2.45e-05  4.74e-06  6.60e-07  0.00e+00  1.54e-07  8.69e-01  1.83e-07  1.61e-07  1.84e-03  4.39e-01
   15   5.1845e+00   5.1845e+00  9.52e-06  1.84e-06  2.56e-07  0.00e+00  5.97e-08  8.69e-01  7.11e-08  6.26e-08  7.82e-03  6.17e-01
   16   5.1845e+00   5.1845e+00  2.13e-06  4.11e-07  5.74e-08  0.00e+00  1.34e-08  8.69e-01  1.60e-08  1.40e-08  3.20e-02  8.02e-01
   17   5.1845e+00   5.1845e+00  1.50e-07  2.90e-08  4.05e-09  0.00e+00  9.43e-10  8.69e-01  1.14e-09  9.90e-10  7.05e-02  1.00e+00
   18   5.1845e+00   5.1845e+00  1.59e-08  3.06e-09  4.27e-10  0.00e+00  9.95e-11  8.69e-01  1.20e-10  1.04e-10  8.77e-04  8.95e-01
optimal solution found; terminating

status is Optimal after 18 iterations and 36.401 seconds

took 41.956883366 seconds


instance rijc787
ran at: 2020-05-13T00:13:35.746
with solver: hypatia, system solver: qrchol_dense
number type : BigFloat


reading instance and constructing model...
took 1.254652151 seconds
building model...
took 9.775038969 seconds

solving model...

 iter        p_obj        d_obj   abs_gap   rel_gap    x_feas    y_feas    z_feas       tau       kap        mu     gamma     alpha
    0   4.2777e+00  -1.1680e+02  1.52e+02       NaN  3.55e+00  0.00e+00  8.28e-01  1.00e+00  1.00e+00  1.00e+00
    1   5.3890e+00  -2.0122e+01  1.98e+01       NaN  7.56e-01  0.00e+00  1.76e-01  6.15e-01  2.82e-01  1.31e-01  7.66e-02  9.41e-01
    2   5.4916e+00   1.4845e+00  3.51e+00  2.37e+00  1.17e-01  0.00e+00  2.74e-02  6.98e-01  1.91e-02  2.31e-02  1.53e-02  8.36e-01
    3   5.3049e+00   4.6429e+00  6.84e-01  1.47e-01  1.94e-02  0.00e+00  4.53e-03  8.21e-01  4.46e-03  4.49e-03  8.23e-02  8.77e-01
    4   5.2249e+00   4.9905e+00  2.50e-01  5.02e-02  6.88e-03  0.00e+00  1.60e-03  8.50e-01  1.73e-03  1.65e-03  1.35e-01  7.32e-01
    5   5.2198e+00   5.0244e+00  2.10e-01  4.17e-02  5.73e-03  0.00e+00  1.34e-03  8.54e-01  1.45e-03  1.38e-03  1.90e-01  2.00e-01
    6   5.1974e+00   5.0924e+00  1.13e-01  2.23e-02  3.08e-03  0.00e+00  7.18e-04  8.60e-01  8.04e-04  7.46e-04  1.69e-01  5.53e-01
    7   5.1892e+00   5.1547e+00  3.77e-02  7.31e-03  1.01e-03  0.00e+00  2.37e-04  8.68e-01  2.75e-04  2.48e-04  1.59e-01  7.94e-01
    8   5.1856e+00   5.1765e+00  9.87e-03  1.91e-03  2.65e-04  0.00e+00  6.19e-05  8.69e-01  7.24e-05  6.49e-05  4.13e-02  7.70e-01
    9   5.1846e+00   5.1832e+00  1.52e-03  2.93e-04  4.08e-05  0.00e+00  9.52e-06  8.69e-01  1.13e-05  9.99e-06  7.37e-02  9.13e-01
   10   5.1845e+00   5.1843e+00  2.42e-04  4.67e-05  6.51e-06  0.00e+00  1.52e-06  8.69e-01  1.81e-06  1.59e-06  2.75e-03  8.43e-01
   11   5.1845e+00   5.1843e+00  1.51e-04  2.91e-05  4.07e-06  0.00e+00  9.47e-07  8.69e-01  1.13e-06  9.94e-07  3.88e-03  3.77e-01
   12   5.1845e+00   5.1844e+00  1.02e-04  1.96e-05  2.74e-06  0.00e+00  6.39e-07  8.69e-01  7.61e-07  6.70e-07  5.26e-03  3.28e-01
   13   5.1845e+00   5.1844e+00  4.37e-05  8.42e-06  1.17e-06  0.00e+00  2.74e-07  8.69e-01  3.26e-07  2.87e-07  6.90e-03  5.75e-01
   14   5.1845e+00   5.1844e+00  2.45e-05  4.74e-06  6.60e-07  0.00e+00  1.54e-07  8.69e-01  1.83e-07  1.61e-07  1.84e-03  4.39e-01
   15   5.1845e+00   5.1845e+00  9.52e-06  1.84e-06  2.56e-07  0.00e+00  5.97e-08  8.69e-01  7.11e-08  6.26e-08  7.82e-03  6.17e-01
   16   5.1845e+00   5.1845e+00  2.13e-06  4.11e-07  5.74e-08  0.00e+00  1.34e-08  8.69e-01  1.60e-08  1.40e-08  3.20e-02  8.02e-01
   17   5.1845e+00   5.1845e+00  1.50e-07  2.90e-08  4.05e-09  0.00e+00  9.43e-10  8.69e-01  1.14e-09  9.90e-10  7.05e-02  1.00e+00
   18   5.1845e+00   5.1845e+00  1.59e-08  3.06e-09  4.27e-10  0.00e+00  9.95e-11  8.69e-01  1.20e-10  1.04e-10  8.77e-04  8.95e-01
optimal solution found; terminating

status is Optimal after 18 iterations and 34.408 seconds

took 39.954226518 seconds


instance rijc787
ran at: 2020-05-14T10:38:43.428
with solver: hypatia, system solver: qrchol_dense


reading instance and constructing model...
took 1.246033839 seconds
building model...
took 9.705820614 seconds

solving model...

 iter        p_obj        d_obj   abs_gap   rel_gap    x_feas    y_feas    z_feas       tau       kap        mu     gamma     alpha
    0   4.2777e+00  -1.1680e+02  1.52e+02       NaN  3.55e+00  0.00e+00  8.28e-01  1.00e+00  1.00e+00  1.00e+00
    1   5.3890e+00  -2.0122e+01  1.98e+01       NaN  7.56e-01  0.00e+00  1.76e-01  6.15e-01  2.82e-01  1.31e-01  7.66e-02  9.41e-01
    2   5.4916e+00   1.4845e+00  3.51e+00  2.37e+00  1.17e-01  0.00e+00  2.74e-02  6.98e-01  1.91e-02  2.31e-02  1.53e-02  8.36e-01
    3   5.3196e+00   4.4979e+00  8.38e-01  1.86e-01  2.41e-02  0.00e+00  5.61e-03  8.11e-01  4.72e-03  5.50e-03  4.04e-02  7.94e-01
    4   5.2350e+00   4.9427e+00  3.10e-01  6.28e-02  8.57e-03  0.00e+00  2.00e-03  8.45e-01  1.91e-03  2.04e-03  1.14e-01  7.10e-01
    5   5.2301e+00   4.9998e+00  2.47e-01  4.94e-02  6.76e-03  0.00e+00  1.57e-03  8.53e-01  1.54e-03  1.62e-03  1.97e-01  2.55e-01
    6   5.1918e+00   5.1002e+00  9.90e-02  1.94e-02  2.69e-03  0.00e+00  6.26e-04  8.60e-01  6.68e-04  6.51e-04  1.74e-01  7.25e-01
    7   5.1866e+00   5.1628e+00  2.59e-02  5.01e-03  6.97e-04  0.00e+00  1.63e-04  8.67e-01  1.78e-04  1.70e-04  5.03e-02  7.78e-01
    8   5.1849e+00   5.1819e+00  3.19e-03  6.16e-04  8.59e-05  0.00e+00  2.00e-05  8.68e-01  2.29e-05  2.10e-05  5.94e-02  9.32e-01
    9   5.1845e+00   5.1842e+00  3.45e-04  6.66e-05  9.29e-06  0.00e+00  2.17e-06  8.69e-01  2.49e-06  2.27e-06  3.91e-03  8.95e-01
   10   5.1845e+00   5.1845e+00  1.14e-05  2.20e-06  3.06e-07  0.00e+00  7.14e-08  8.69e-01  8.24e-08  7.49e-08  3.29e-03  9.70e-01
   11   5.1845e+00   5.1845e+00  9.47e-07  1.83e-07  2.55e-08  0.00e+00  5.93e-09  8.69e-01  6.90e-09  6.23e-09  1.62e-02  9.32e-01
   12   5.1845e+00   5.1845e+00  2.33e-07  4.50e-08  6.92e-09  0.00e+00  1.44e-09  8.66e-01  1.75e-09  1.53e-09  1.49e-02  7.70e-01
   13   5.1845e+00   5.1845e+00  8.20e-08  1.58e-08  3.65e-09  0.00e+00  4.98e-10  8.66e-01  6.08e-10  5.39e-10  1.07e-01  7.32e-01
   14   5.1845e+00   5.1845e+00  7.40e-08  1.43e-08  4.65e-09  0.00e+00  4.49e-10  8.66e-01  5.49e-10  4.87e-10  2.22e-01  1.25e-01
optimal solution found; terminating

status is Optimal after 14 iterations and 15.887 seconds

took 19.81502567 seconds
┌ Warning: switching Hessian cache from Cholesky to Bunch Kaufman
└ @ Hypatia.Cones ~/.julia/dev/Hypatia/src/Cones/Cones.jl:94
┌ Warning: switching Hessian cache from Cholesky to Bunch Kaufman
└ @ Hypatia.Cones ~/.julia/dev/Hypatia/src/Cones/Cones.jl:94
┌ Warning: switching Hessian cache from Cholesky to Bunch Kaufman
└ @ Hypatia.Cones ~/.julia/dev/Hypatia/src/Cones/Cones.jl:94
┌ Warning: switching Hessian cache from Cholesky to Bunch Kaufman
└ @ Hypatia.Cones ~/.julia/dev/Hypatia/src/Cones/Cones.jl:94
┌ Warning: switching Hessian cache from Cholesky to Bunch Kaufman
└ @ Hypatia.Cones ~/.julia/dev/Hypatia/src/Cones/Cones.jl:94
┌ Warning: switching Hessian cache from Cholesky to Bunch Kaufman
└ @ Hypatia.Cones ~/.julia/dev/Hypatia/src/Cones/Cones.jl:94
┌ Warning: switching Hessian cache from Cholesky to Bunch Kaufman
└ @ Hypatia.Cones ~/.julia/dev/Hypatia/src/Cones/Cones.jl:94
┌ Warning: switching Hessian cache from Cholesky to Bunch Kaufman
└ @ Hypatia.Cones ~/.julia/dev/Hypatia/src/Cones/Cones.jl:94
┌ Warning: switching Hessian cache from Cholesky to Bunch Kaufman
└ @ Hypatia.Cones ~/.julia/dev/Hypatia/src/Cones/Cones.jl:94
┌ Warning: switching Hessian cache from Cholesky to Bunch Kaufman
└ @ Hypatia.Cones ~/.julia/dev/Hypatia/src/Cones/Cones.jl:94
┌ Warning: switching Hessian cache from Cholesky to Bunch Kaufman
└ @ Hypatia.Cones ~/.julia/dev/Hypatia/src/Cones/Cones.jl:94
┌ Warning: switching Hessian cache from Cholesky to Bunch Kaufman
└ @ Hypatia.Cones ~/.julia/dev/Hypatia/src/Cones/Cones.jl:94
┌ Warning: switching Hessian cache from Cholesky to Bunch Kaufman
└ @ Hypatia.Cones ~/.julia/dev/Hypatia/src/Cones/Cones.jl:94


instance rijc787
ran at: 2020-05-14T11:38:40.124
with solver: hypatia, system solver: qrchol_dense


reading instance and constructing model...
took 1.247460572 seconds
building model...
took 9.761542093 seconds

solving model...

 iter        p_obj        d_obj   abs_gap   rel_gap    x_feas    y_feas    z_feas       tau       kap        mu     gamma     alpha
    0   4.2777e+00  -1.1680e+02  1.52e+02       NaN  3.55e+00  0.00e+00  8.28e-01  1.00e+00  1.00e+00  1.00e+00
    1   5.3890e+00  -2.0122e+01  1.98e+01       NaN  7.56e-01  0.00e+00  1.76e-01  6.15e-01  2.82e-01  1.31e-01  7.66e-02  9.41e-01
    2   5.4916e+00   1.4845e+00  3.51e+00  2.37e+00  1.17e-01  0.00e+00  2.74e-02  6.98e-01  1.91e-02  2.31e-02  1.53e-02  8.36e-01
    3   5.3196e+00   4.4979e+00  8.38e-01  1.86e-01  2.41e-02  0.00e+00  5.61e-03  8.11e-01  4.72e-03  5.50e-03  4.04e-02  7.94e-01
    4   5.2350e+00   4.9427e+00  3.10e-01  6.28e-02  8.57e-03  0.00e+00  2.00e-03  8.45e-01  1.91e-03  2.04e-03  1.14e-01  7.10e-01
    5   5.2301e+00   4.9998e+00  2.47e-01  4.94e-02  6.76e-03  0.00e+00  1.57e-03  8.53e-01  1.54e-03  1.62e-03  1.97e-01  2.55e-01
    6   5.1918e+00   5.1002e+00  9.90e-02  1.94e-02  2.69e-03  0.00e+00  6.26e-04  8.60e-01  6.68e-04  6.51e-04  1.74e-01  7.25e-01
    7   5.1866e+00   5.1628e+00  2.59e-02  5.01e-03  6.97e-04  0.00e+00  1.63e-04  8.67e-01  1.78e-04  1.70e-04  5.03e-02  7.78e-01
    8   5.1849e+00   5.1819e+00  3.19e-03  6.16e-04  8.59e-05  0.00e+00  2.00e-05  8.68e-01  2.29e-05  2.10e-05  5.94e-02  9.32e-01
    9   5.1845e+00   5.1842e+00  3.45e-04  6.66e-05  9.29e-06  0.00e+00  2.17e-06  8.69e-01  2.49e-06  2.27e-06  3.91e-03  8.95e-01
   10   5.1845e+00   5.1845e+00  1.14e-05  2.20e-06  3.06e-07  0.00e+00  7.14e-08  8.69e-01  8.24e-08  7.49e-08  3.29e-03  9.70e-01
   11   5.1845e+00   5.1845e+00  9.66e-07  1.86e-07  2.59e-08  0.00e+00  6.03e-09  8.70e-01  6.96e-09  6.35e-09  1.78e-02  9.32e-01

status is NumericalFailure after 11 iterations and 8.259 seconds

took 12.373165091 seconds
┌ Warning: very small alpha
└ @ Hypatia.Solvers ~/.julia/dev/Hypatia/src/Solvers/stepper.jl:211
┌ Warning: Hypatia status NumericalFailure not handled
└ @ Hypatia ~/.julia/dev/Hypatia/src/MathOptInterface/wrapper.jl:530

