
reading instance and constructing model...
took 0.00050364 seconds
building model...
took 0.023071475 seconds

solving model...

 iter        p_obj        d_obj   abs_gap   rel_gap    x_feas    y_feas    z_feas       tau       kap        mu     gamma     alpha
    0   3.3834e+00   2.3746e+00  2.60e+01  1.09e+01  5.65e+00  0.00e+00  4.96e-01  1.00e+00  1.00e+00  1.00e+00
aff_alpha = 0.7935349222152911
alpha = 0.8952487204332906
    1   3.7912e+00   3.6817e+00  2.93e+00  7.96e-01  7.76e-01  0.00e+00  6.81e-02  8.20e-01  1.36e-01  1.13e-01  8.80e-03  8.95e-01
aff_alpha = 0.5843180108028598
alpha = 0.7509587575257993
    2   3.5486e+00   3.5128e+00  8.89e-01  2.53e-01  1.97e-01  0.00e+00  1.73e-02  9.79e-01  3.35e-02  3.41e-02  7.18e-02  7.51e-01
aff_alpha = 0.7053287981297056
alpha = 0.5188499742178925
    3   3.4619e+00   3.4451e+00  4.39e-01  1.27e-01  9.01e-02  0.00e+00  7.91e-03  1.06e+00  1.61e-02  1.69e-02  2.56e-02  5.19e-01
aff_alpha = 0.7693876578090958
alpha = 0.46037986677308
    4   3.4226e+00   3.4137e+00  2.39e-01  7.00e-02  4.71e-02  0.00e+00  4.14e-03  1.10e+00  8.65e-03  9.20e-03  1.23e-02  4.60e-01
aff_alpha = 0.7884192406915378
alpha = 0.47529250800150635
    5   3.4003e+00   3.3957e+00  1.26e-01  3.72e-02  2.43e-02  0.00e+00  2.13e-03  1.13e+00  4.54e-03  4.87e-03  9.47e-03  4.75e-01
aff_alpha = 0.8018703414551971
alpha = 0.48494287113713536
    6   3.3883e+00   3.3859e+00  6.55e-02  1.93e-02  1.24e-02  0.00e+00  1.09e-03  1.15e+00  2.35e-03  2.53e-03  7.78e-03  4.85e-01
aff_alpha = 0.8107480847964273
alpha = 0.49978704619620895
    7   3.3818e+00   3.3807e+00  3.30e-02  9.75e-03  6.16e-03  0.00e+00  5.41e-04  1.17e+00  1.18e-03  1.27e-03  6.78e-03  5.00e-01
aff_alpha = 0.8249082030735345
alpha = 0.5099347476749403
    8   3.3785e+00   3.3779e+00  1.62e-02  4.81e-03  3.01e-03  0.00e+00  2.65e-04  1.18e+00  5.78e-04  6.27e-04  5.37e-03  5.10e-01
aff_alpha = 0.8454887080611344
alpha = 0.5048354001981908
    9   3.3768e+00   3.3765e+00  8.07e-03  2.39e-03  1.49e-03  0.00e+00  1.31e-04  1.18e+00  2.87e-04  3.12e-04  3.69e-03  5.05e-01
aff_alpha = 0.8736978917817767
alpha = 0.5048354001981908
   10   3.3760e+00   3.3759e+00  4.01e-03  1.19e-03  7.38e-04  0.00e+00  6.48e-05  1.18e+00  1.42e-04  1.55e-04  2.01e-03  5.05e-01
aff_alpha = 0.9020226955185432
alpha = 0.5048354001981908
   11   3.3756e+00   3.3755e+00  1.99e-03  5.88e-04  3.65e-04  0.00e+00  3.21e-05  1.19e+00  7.04e-05  7.66e-05  9.41e-04  5.05e-01
aff_alpha = 0.9305634558159654
alpha = 0.5202884885980413
   12   3.3754e+00   3.3753e+00  9.53e-04  2.82e-04  1.75e-04  0.00e+00  1.54e-05  1.19e+00  3.38e-05  3.68e-05  3.35e-04  5.20e-01
aff_alpha = 0.9597601344857251
alpha = 0.5581863393972646
   13   3.3753e+00   3.3752e+00  4.21e-04  1.25e-04  7.73e-05  0.00e+00  6.79e-06  1.19e+00  1.49e-05  1.62e-05  6.52e-05  5.58e-01
aff_alpha = 0.9601203894238003
alpha = 0.6297575667113509
   14   3.3752e+00   3.3752e+00  1.56e-04  4.62e-05  2.86e-05  0.00e+00  2.51e-06  1.19e+00  5.53e-06  6.02e-06  6.34e-05  6.30e-01
aff_alpha = 0.9799220534590676
alpha = 0.6963435767277686
   15   3.3752e+00   3.3752e+00  4.73e-05  1.40e-05  8.69e-06  0.00e+00  7.63e-07  1.19e+00  1.68e-06  1.83e-06  8.09e-06  6.96e-01
aff_alpha = 0.9898557208864469
alpha = 0.7935319523161427
   16   3.3752e+00   3.3752e+00  9.77e-06  2.90e-06  1.79e-06  0.00e+00  1.58e-07  1.19e+00  3.47e-07  3.77e-07  1.04e-06  7.94e-01
aff_alpha = 0.9898749236121335
alpha = 0.19236227812123008
   17   3.3752e+00   3.3752e+00  7.89e-06  2.34e-06  1.45e-06  0.00e+00  1.27e-07  1.19e+00  2.80e-07  3.05e-07  1.04e-06  1.92e-01
aff_alpha = 0.9898557262616485
alpha = 0.9898612478585219
   18   3.3752e+00   3.3752e+00  8.01e-08  2.37e-08  1.47e-08  0.00e+00  1.29e-09  1.19e+00  2.83e-09  3.09e-09  1.04e-06  9.90e-01
aff_alpha = 0.5150856037120609
alpha = 0.6490377181055653
   19   3.3752e+00   3.3752e+00  3.53e-08  1.05e-08  6.51e-09  0.00e+00  5.56e-10  1.17e+00  1.16e-09  1.36e-09  1.14e-01  6.49e-01
optimal solution found; terminating

status is Optimal after 19 iterations and 4.431 seconds

took 4.431334005 seconds
