
reading instance and constructing model...
took 0.000511591 seconds
building model...
took 0.002572028 seconds

solving model...

 iter        p_obj        d_obj   abs_gap   rel_gap    x_feas    y_feas    z_feas       tau       kap        mu     gamma     alpha
    0   3.5190e+00   1.2760e+00  2.60e+01  2.04e+01  5.65e+00  0.00e+00  4.32e-01  1.00e+00  1.00e+00  1.00e+00
alphas
aff_alpha = 0.8096468954344364
alpha = 0.8821430857079972
directions
comb_dir ./ aff_dir = [1.2461460304741678, 7.534497808424048, 1.6934589210844648, 1.4157811873943233, 1.6182395382458308, 1.4853639916842039, 1.062424226333378, 0.7048932384299011, 0.9076515937988362, 1.0807594824881888, 1.5354327077396475, -0.1752197219016548, 0.6567482187285834, -5.053593888945658, 1.5472581397716585, 0.8435656214356472, 0.5981382068598836, 1.0071122408282285, 1.745396805406996, 0.9929137593101499, 0.9956441037901571, 1.180802164018529, 0.992997002520134, 1.1176207848456292, 1.0325151413930014, 1.1552132381351732, 0.8722867607718391, 0.8669633481729313, 1.1552132381351714, 0.9923693444715459, 0.9363653737849199, 1.1552132381351747, 1.0224974102787767, 0.9178435600110388, 1.34570889800703, 1.1436828264375178, 1.019674132233126, 1.3457088980070295, 0.9930693377390972, 0.8132411182528614, 1.34570889800702, 0.7015415992571183, 0.8221147235666393, 0.8082230075601275, 1.7639180047667447, 0.8174646716398405, 1.899763944897066, 1.8824849913852806, 1.2313865981059986, 1.9393530539102821, 0.9160915452657331, 3.175929447956129, 1.07211674296714, 1.1726529205722014, 3.175929447955993, 1.0112273923114397, 1.2422118932606465, 3.175929447956098, 1.05606322646564, 1.3227017686286462, 3.175929447956087, 1.0465851889002922, 0.9343357332093214, 3.175929447956087, 1.0509280631012115, 1.5221548134118097, 3.175929447956087, 1.0475717752447915, 1.2255728151922105]
dot(comb_dir, aff_dir) = 33.52945658007926
norm(aff_dir) = 5.813371347131148
norm(comb_dir) = 5.843199589351773
s dir
comb_dir_s ./ aff_dir_s = [0.8221147235666393, 0.8082230075601275, 1.7639180047667447, 0.8174646716398405, 1.899763944897066, 1.8824849913852806, 1.2313865981059986, 1.9393530539102821, 0.9160915452657331, 3.175929447956129, 1.07211674296714, 1.1726529205722014, 3.175929447955993, 1.0112273923114397, 1.2422118932606465, 3.175929447956098, 1.05606322646564, 1.3227017686286462, 3.175929447956087, 1.0465851889002922, 0.9343357332093214, 3.175929447956087, 1.0509280631012115, 1.5221548134118097, 3.175929447956087, 1.0475717752447915]
dot(comb_dir_s, aff_dir_s) = 9.878280776918437
norm(aff_dir_s) = 3.125205598255935
norm(comb_dir_s) = 3.208894890707826
z dir
comb_dir_z ./ aff_dir_z = [0.8435656214356472, 0.5981382068598836, 1.0071122408282285, 1.745396805406996, 0.9929137593101499, 0.9956441037901571, 1.180802164018529, 0.992997002520134, 1.1176207848456292, 1.0325151413930014, 1.1552132381351732, 0.8722867607718391, 0.8669633481729313, 1.1552132381351714, 0.9923693444715459, 0.9363653737849199, 1.1552132381351747, 1.0224974102787767, 0.9178435600110388, 1.34570889800703, 1.1436828264375178, 1.019674132233126, 1.3457088980070295, 0.9930693377390972, 0.8132411182528614, 1.34570889800702]
dot(comb_dir_z, aff_dir_z) = 21.363298273177172
norm(aff_dir_z) = 4.711192117115464
norm(comb_dir_z) = 4.566841606703653
rhs
aff_rhs = [-1.6369754119895963, -2.082998854058328, -0.5743353986176463, -2.4603904804477876, 0.7184805254563138, -1.9033044709506903, -2.9060977899318345, 0.8708709472046373, -0.23481645999394857, -0.16335752793140845, 0.8457713819440879, 2.0219543360133456, -0.2468698693004577, 0.2082441150305964, 0.4387651038730741, 0.9681957847500011, 0.9681957847500003, 0.08020928992724041, 0.4871145698539723, -0.03916567437494045, 0.016578800782062864, 0.17817836558669087, -0.022867542374166883, -0.27085166018908596, -0.1948979949999997, 0.9681957847499999, 0.172077507949277, -0.19489799500000093, 0.9681957847499987, 0.09877415223981167, -0.19489799499999994, 0.9681957847499991, -0.11967735322477038, -0.19489799500000016, 0.9681957847500007, 0.01307738591489524, -0.19489799500000005, 0.9681957847499997, 0.006209822315350548, -0.19489799500000005, 0.9681957847499999, 3.243024283070753, -1.0, -1.0, -1.0, -1.0, -1.0, -1.0, -1.0, -1.0, 0.8278383990027725, -0.8051019948530616, -1.290927708864766, 0.8278383990027725, -0.8051019948530616, -1.290927708864766, 0.8278383990027725, -0.8051019948530616, -1.290927708864766, 0.8278383990027725, -0.8051019948530616, -1.290927708864766, 0.8278383990027725, -0.8051019948530616, -1.290927708864766, 0.8278383990027725, -0.8051019948530616, -1.290927708864766, -1.0]
comb_rhs = [-1.6256846812839818, -2.068631760362833, -0.5703740279867875, -2.443420398831455, 0.7135249408636924, -1.8901767855408176, -2.886053525790798, 0.8648642782759451, -0.23319685752733912, -0.16223080003855228, 0.839937832556538, 2.0080082854253107, -0.24516713070512722, 0.2068077903267441, 0.4357388039087816, 0.9615178360185435, 0.9615178360185427, 0.07965606140222774, 0.4837547885214489, -0.038895536485860145, 0.016464451614884603, 0.17694941374742, -0.022709817792016845, -0.2689835116915794, -0.19355372265449478, 0.9615178360185422, 0.17089063563065915, -0.19355372265449597, 0.961517836018541, 0.09809287606092294, -0.193553722654495, 0.9615178360185415, -0.11885190113983084, -0.19355372265449522, 0.961517836018543, 0.012987187099679671, -0.1935537226544951, 0.961517836018542, 0.006166991231280005, -0.1935537226544951, 0.9615178360185422, 3.2206561316716944, -0.8188685029439665, -0.8370511998754293, -1.120223965234845, -1.2412253800145316, -1.0791875840528375, -1.0230407462171676, -1.195000043650378, -1.0455638524692228, 0.8970777289214716, -0.6760311982349013, -1.4233860087383705, 0.6889894984656164, -0.4785781594399413, -1.3295126268421986, 0.8190057422422798, -0.5401143262567284, -1.3972615808817586, 0.8127481836345919, -0.5299202912047496, -1.4040251930534662, 0.9012562029542313, -0.6687123149954114, -1.433775752447567, 0.6180424885648144, -0.4542580807077651, -1.30173298643082, -1.1354746338619743]
aff_rhs ./ comb_rhs = [1.0069452156593472, 1.0069452156593472, 1.0069452156593472, 1.0069452156593472, 1.0069452156593472, 1.0069452156593472, 1.0069452156593472, 1.0069452156593472, 1.0069452156593472, 1.0069452156593472, 1.0069452156593472, 1.0069452156593472, 1.0069452156593472, 1.0069452156593472, 1.0069452156593472, 1.0069452156593472, 1.0069452156593472, 1.0069452156593472, 1.0069452156593472, 1.0069452156593472, 1.0069452156593472, 1.0069452156593472, 1.0069452156593472, 1.0069452156593472, 1.0069452156593472, 1.0069452156593472, 1.0069452156593472, 1.0069452156593472, 1.0069452156593472, 1.0069452156593472, 1.0069452156593472, 1.0069452156593472, 1.0069452156593472, 1.0069452156593472, 1.0069452156593472, 1.0069452156593472, 1.0069452156593472, 1.0069452156593472, 1.0069452156593472, 1.0069452156593472, 1.0069452156593472, 1.0069452156593472, 1.2211972940769318, 1.1946700514243584, 0.8926786348392028, 0.8056554563751287, 0.9266229659949827, 0.9774781734722064, 0.836820053115053, 0.9564217408993068, 0.9228167998307756, 1.1909243196987958, 0.9069414065752901, 1.2015254236042396, 1.6822790153968508, 0.9709781485347169, 1.0107846090752801, 1.4906140343153547, 0.9238983784626145, 1.01856690137491, 1.5192888595050755, 0.9194476817451285, 0.91853836488359, 1.2039586781927083, 0.9003693266963483, 1.3394522453062008, 1.772344904902204, 0.9916993133932323, 0.8806889825436274]
dot(comb_rhs, aff_rhs) = 77.04116430793823
(dot(comb_rhs, aff_rhs) / norm(aff_rhs)) / norm(comb_rhs) = 0.9951709420178488
norm(aff_rhs) = 8.807737041736702
norm(comb_rhs) = 8.789432006550886
    1   3.9049e+00   3.5723e+00  3.25e+00  9.11e-01  7.84e-01  0.00e+00  5.99e-02  8.94e-01  1.05e-01  1.24e-01  6.90e-03  8.82e-01
alphas
aff_alpha = 0.6187453739221335
alpha = 0.8344303100739425
directions
comb_dir ./ aff_dir = [1.224097536905978, 1.1134963660752382, 1.2962287466520026, 0.7132712420719236, 0.6068148998177116, 1.5629680850684113, 0.9535022632664507, 1.1141403790820144, 1.4126772651156754, 0.8764014496907627, 1.4793902985908283, 0.927894440470421, 1.4696098481305442, 1.6252954678703784, 1.2611148034569402, 0.7485138534975332, 1.2895436712913442, 0.788655049303383, 0.9468659943482857, 0.8608045618007766, 0.9208802878804142, 0.9344953852516539, 0.9006067957125403, 2.5495144335314657, 0.9742631177147467, 0.867126857265465, 0.5586609453826525, 0.9221331983988618, 0.8671268572654676, 0.37442380435556327, 0.9705135269522519, 0.8671268572654759, 0.5027990963885057, 0.4580996001564193, 1.2502179757851102, 0.7997091252487193, -1.3933943255476606, 1.2502179757851086, 0.9314112516633949, 1.2136969991666366, 1.2502179757851088, 1.42819539010681, 0.9883838556929584, 1.1130603724118113, 1.4059757205269479, 2.1255462739359547, 1.5197866863601466, 1.8378664766007855, 1.9771220299032792, 1.678542908478664, 1.3436554503440834, 1.3623720571395435, 4.272916568277332, 2.090061961805893, 1.3623720571395432, 0.8345591678702794, 1.3526820781320648, 1.362372057139543, 0.7577719764582591, -0.16199806588831686, 1.3623720571395432, -0.5712763716478311, 0.5552494287408701, 1.362372057139543, 7.352582124872066, 1.2575763300245464, 1.362372057139543, 1.011804179444889, 0.8285010616951057]
dot(comb_dir, aff_dir) = 5.563780419565816
norm(aff_dir) = 2.089551681430386
norm(comb_dir) = 2.6981753552596097
s dir
comb_dir_s ./ aff_dir_s = [0.9883838556929584, 1.1130603724118113, 1.4059757205269479, 2.1255462739359547, 1.5197866863601466, 1.8378664766007855, 1.9771220299032792, 1.678542908478664, 1.3436554503440834, 1.3623720571395435, 4.272916568277332, 2.090061961805893, 1.3623720571395432, 0.8345591678702794, 1.3526820781320648, 1.362372057139543, 0.7577719764582591, -0.16199806588831686, 1.3623720571395432, -0.5712763716478311, 0.5552494287408701, 1.362372057139543, 7.352582124872066, 1.2575763300245464, 1.362372057139543, 1.011804179444889]
dot(comb_dir_s, aff_dir_s) = 2.862811100788456
norm(aff_dir_s) = 1.4569705676953963
norm(comb_dir_s) = 1.988344919257472
z dir
comb_dir_z ./ aff_dir_z = [0.7485138534975332, 1.2895436712913442, 0.788655049303383, 0.9468659943482857, 0.8608045618007766, 0.9208802878804142, 0.9344953852516539, 0.9006067957125403, 2.5495144335314657, 0.9742631177147467, 0.867126857265465, 0.5586609453826525, 0.9221331983988618, 0.8671268572654676, 0.37442380435556327, 0.9705135269522519, 0.8671268572654759, 0.5027990963885057, 0.4580996001564193, 1.2502179757851102, 0.7997091252487193, -1.3933943255476606, 1.2502179757851086, 0.9314112516633949, 1.2136969991666366, 1.2502179757851088]
dot(comb_dir_z, aff_dir_z) = 0.8863389014533024
norm(aff_dir_z) = 0.8992331735713168
norm(comb_dir_z) = 1.0005211417231468
rhs
aff_rhs = [-0.20288891085352323, -0.2581696497782924, -0.07118389356168191, -0.304944070140744, 0.0890494323932001, -0.2358980888200904, -0.3601856271722938, 0.10793690404767704, -0.029103464517373317, -0.020246749388523104, 0.10482603052977615, 0.25060371098103795, -0.030597380106060668, 0.025810052723309967, 0.05438113083026977, 0.11999947392132759, 0.11999947392132704, 0.009941246126534686, 0.06037362798164159, -0.004854245799035706, 0.0020547986300178955, 0.02208366372932058, -0.002834233631250571, -0.03356971518090279, -0.02415591684729379, 0.11999947392132698, 0.021327515315446022, -0.024155916847294012, 0.11999947392132695, 0.012242199865457132, -0.0241559168472939, 0.11999947392132679, -0.01483297041101811, -0.0241559168472939, 0.11999947392132722, 0.0016208286121166815, -0.0241559168472939, 0.11999947392132708, 0.0007696536410548641, -0.0241559168472939, 0.11999947392132713, 0.40194474507350186, -1.112613501950417, -1.0724041328309062, -0.24436517400506663, -0.29686667348577245, -0.2074365894018776, -0.14883224929740757, -0.2507267774155937, -0.17269145173235156, 0.5092520231172624, 0.7046642845461109, -1.1486714693189939, 0.25503959078286953, 0.4213807507522025, -1.1486714693189937, 0.3131748568771989, 0.5360969834165512, -1.1486714693189932, 0.2822834129592676, 0.5004877425762164, -1.1084621001994839, 0.49655672571996984, 0.6771477698739323, -1.1084621001994837, 0.1158417891145932, 0.3326158972004045, -1.1084621001994839, -0.1047512795667096]
comb_rhs = [-0.1916453551226706, -0.24386258472931793, -0.06723907434493488, -0.2880448929851437, 0.08411455324331603, -0.22282525355623917, -0.34022511205332046, 0.10195533220636577, -0.027490629080062397, -0.01912472919451252, 0.09901685490087002, 0.23671592983558135, -0.028901755899723713, 0.024379729276898007, 0.05136747536420856, 0.11334942702112258, 0.11334942702112207, 0.00939032910308774, 0.05702788450049379, -0.0045852366011297704, 0.0019409272369728349, 0.02085984670138412, -0.002677168054560532, -0.03170937218868363, -0.022817261145709037, 0.11334942702112201, 0.020145601991346445, -0.02281726114570925, 0.11334942702112198, 0.011563770197337528, -0.02281726114570914, 0.11334942702112183, -0.014010967233176741, -0.02281726114570914, 0.11334942702112223, 0.0015310066659401788, -0.02281726114570914, 0.11334942702112209, 0.0007270015139856742, -0.02281726114570914, 0.11334942702112215, 0.3796700523712477, -1.0940411661313643, -1.2431080162964019, -0.29093132946873224, -0.19667972800749606, -0.2509438959422769, -0.16721053423455673, -0.27132585333797987, -0.20541691785421307, 0.4237412743895083, 0.636451641138141, -1.0137688004622476, 0.2280669153095817, 0.41524844113005455, -1.0897456634395253, 0.278752085129798, 0.5268104791629392, -1.0990848430600368, 0.2977008009204325, 0.5904516164370832, -1.2096059984014775, 0.5290594736658356, 0.8057955943449231, -1.2081297264844968, 0.08683274821255747, 0.3236266495086024, -1.1337144219199893, -0.07600829508519219]
aff_rhs ./ comb_rhs = [1.0586685532955167, 1.0586685532955167, 1.0586685532955167, 1.0586685532955167, 1.0586685532955167, 1.0586685532955167, 1.0586685532955167, 1.0586685532955167, 1.0586685532955167, 1.0586685532955167, 1.0586685532955167, 1.0586685532955167, 1.0586685532955167, 1.0586685532955167, 1.0586685532955167, 1.0586685532955167, 1.0586685532955167, 1.058668553295517, 1.0586685532955167, 1.0586685532955167, 1.0586685532955167, 1.0586685532955167, 1.0586685532955167, 1.0586685532955167, 1.0586685532955167, 1.0586685532955167, 1.0586685532955167, 1.0586685532955167, 1.0586685532955167, 1.0586685532955167, 1.0586685532955167, 1.0586685532955167, 1.0586685532955167, 1.0586685532955167, 1.0586685532955167, 1.0586685532955167, 1.0586685532955167, 1.0586685532955167, 1.0586685532955167, 1.0586685532955167, 1.0586685532955167, 1.0586685532955167, 1.0169759021817493, 0.8626797661766556, 0.8399410763058769, 1.5093913159899122, 0.8266253642989306, 0.8900889527009777, 0.9240799368399046, 0.8406875808296999, 1.2017994325687318, 1.107176475004429, 1.1330704484052327, 1.1182664983944501, 1.014767808894019, 1.0540729895574743, 1.1234888403843593, 1.0176277895389771, 1.0451162861284657, 0.9482118022071243, 0.8476354855225414, 0.9163827739481636, 0.9385650393505757, 0.840346825703886, 0.9175025462083172, 1.334079497645573, 1.0277765990701058, 0.9777260293842434, 1.37815589008149]
dot(comb_rhs, aff_rhs) = 13.790239681560315
(dot(comb_rhs, aff_rhs) / norm(aff_rhs)) / norm(comb_rhs) = 0.9952416211592805
norm(aff_rhs) = 3.6971973462631484
norm(comb_rhs) = 3.747750336908213
    2   3.5553e+00   3.4947e+00  6.87e-01  1.97e-01  1.38e-01  0.00e+00  1.05e-02  1.08e+00  1.99e-02  2.63e-02  5.54e-02  8.34e-01
alphas
aff_alpha = 0.73982473182573
alpha = 0.9413860013860599
directions
comb_dir ./ aff_dir = [1.3111930024626413, 1.0864971472525544, 1.3421833635623104, 1.244634118902481, 1.2514773638632233, 1.2683086396762828, 1.3244651899459903, 1.6934315929092376, 1.0718103994915393, 1.2066698537548317, 1.091063297999912, 1.2215895687146918, 1.1570954415721015, 1.2244758804906255, 1.3311745297474853, 1.235120185534326, 1.1962790056836636, 0.8274343598649203, 0.6375320070642352, 0.8013275532116771, 0.9669729006238202, 0.9820600691983362, 0.9105758418159335, 1.1809828208397672, 1.0843557470067258, 1.30910747782872, 1.139912822318265, 0.30554876950525756, 1.3091074778287517, 1.3997295448214577, 1.1037409725933227, 1.3091074778287268, 4.087142424362454, 0.0853208735058955, 1.1760304336902203, 1.3046913016232993, 1.794481622815894, 1.1760304336902168, 0.9643007662915339, 1.2506376156942327, 1.1760304336902188, 1.1139169560717215, 0.9634421783178895, 1.06305147685129, 1.0555745917011914, 1.200385610988961, 1.095706952817887, 1.3878786671219396, 1.2203988034068216, 1.206316485846964, 0.6535760958607617, 1.1027532757691574, 1.162960232297394, 1.2093523710763183, 1.102753275769158, 1.0831168282830572, 0.9699983727727586, 1.1027532757691576, 5.370422118601459, 1.2143562795765808, 1.1027532757691576, 1.3463833150144493, 1.1940793012773245, 1.102753275769158, 1.2380413661095742, 1.3236403788930229, 1.102753275769158, 1.1543907145948276, 0.9337757300448639]
dot(comb_dir, aff_dir) = 2.840718850724775
norm(aff_dir) = 1.487714772193004
norm(comb_dir) = 1.9132721561155335
s dir
comb_dir_s ./ aff_dir_s = [0.9634421783178895, 1.06305147685129, 1.0555745917011914, 1.200385610988961, 1.095706952817887, 1.3878786671219396, 1.2203988034068216, 1.206316485846964, 0.6535760958607617, 1.1027532757691574, 1.162960232297394, 1.2093523710763183, 1.102753275769158, 1.0831168282830572, 0.9699983727727586, 1.1027532757691576, 5.370422118601459, 1.2143562795765808, 1.1027532757691576, 1.3463833150144493, 1.1940793012773245, 1.102753275769158, 1.2380413661095742, 1.3236403788930229, 1.102753275769158, 1.1543907145948276]
dot(comb_dir_s, aff_dir_s) = 1.7483037368752057
norm(aff_dir_s) = 1.172331796919271
norm(comb_dir_s) = 1.4946671324640075
z dir
comb_dir_z ./ aff_dir_z = [1.235120185534326, 1.1962790056836636, 0.8274343598649203, 0.6375320070642352, 0.8013275532116771, 0.9669729006238202, 0.9820600691983362, 0.9105758418159335, 1.1809828208397672, 1.0843557470067258, 1.30910747782872, 1.139912822318265, 0.30554876950525756, 1.3091074778287517, 1.3997295448214577, 1.1037409725933227, 1.3091074778287268, 4.087142424362454, 0.0853208735058955, 1.1760304336902203, 1.3046913016232993, 1.794481622815894, 1.1760304336902168, 0.9643007662915339, 1.2506376156942327, 1.1760304336902188]
dot(comb_dir_z, aff_dir_z) = 0.0489770833187684
norm(aff_dir_z) = 0.2051976680766629
norm(comb_dir_z) = 0.23979163298304756
rhs
aff_rhs = [-0.042974217754282285, -0.054683317587174485, -0.015077571906953996, -0.06459068077193476, 0.018861699648648866, -0.0499659434028531, -0.07629148142669948, 0.02286228458102775, -0.006164450369969182, -0.00428849567666581, 0.022203365592296437, 0.053080764248891965, -0.006480878968973758, 0.005466867663269648, 0.011518552434398624, 0.025417276385388154, 0.025417276385388377, 0.002105670901348944, 0.012787832635033247, -0.0010281854001923385, 0.0004352301138406123, 0.004677575378189913, -0.0006003234613638497, -0.007110453913249548, -0.0051165025544417375, 0.025417276385388442, 0.004517414399180131, -0.0051165025544417375, 0.025417276385388383, 0.002593039514068751, -0.0051165025544419596, 0.02541727638538858, -0.003141794678202442, -0.0051165025544417375, 0.025417276385388432, 0.00034331024513081787, -0.0051165025544417375, 0.025417276385388293, 0.00016302154231580962, -0.0051165025544417375, 0.0254172763853883, 0.08513654554757233, -1.0979068764969102, -0.7708575346161634, -0.1882495702014232, -0.005730261503393064, -0.1373336141096274, -0.059736134225017945, -0.08290629199803964, -0.09110896814179281, 0.5687671587028185, 0.9174531016351076, -1.1055443710004553, 0.2446177841995243, 0.5688571236097824, -1.105544371000455, 0.30187513269979815, 0.653057163240933, -1.1055443710004538, 0.2634429363004156, 0.5175868933628267, -0.7784950291197086, 0.42482199100634804, 0.646812747952744, -0.778495029119709, 0.03934483905604905, 0.13011743830986414, -0.7784950291197092, -0.01990880875608174]
comb_rhs = [-0.04221737438093358, -0.05372025860177965, -0.014812032218734084, -0.06345313758262448, 0.0185295155360538, -0.0490859647753469, -0.07494786878688593, 0.022459643893448535, -0.006055884730926614, -0.004212968541929409, 0.021812329501525625, 0.05214592874115185, -0.006366740526031326, 0.005370587549747217, 0.011315692660885342, 0.02496963828500792, 0.024969638285008134, 0.002068586734343243, 0.012562618846508783, -0.001010077442738432, 0.00042756502894190587, 0.004595195939695786, -0.0005897508236907948, -0.006985227668143364, -0.005026392919981548, 0.0249696382850082, 0.004437855646715141, -0.005026392919981548, 0.02496963828500814, 0.002547372021427568, -0.005026392919981766, 0.024969638285008335, -0.0030864627464796636, -0.005026392919981548, 0.02496963828500819, 0.0003372640132827911, -0.005026392919981548, 0.024969638285008054, 0.0001601504772804836, -0.005026392919981548, 0.02496963828500806, 0.08363715745641714, -1.0486071086097526, -0.8291920742311929, -0.19617198690383345, -0.002541302669263264, -0.1468568210345616, -0.07317230992083594, -0.09666061013286323, -0.10455174882266943, 0.5302194199002791, 0.8570395525270942, -1.0330511844547723, 0.2056550764762882, 0.47923183417768805, -0.9437920321713652, 0.2771588627460384, 0.598928962325674, -1.0155741293144804, 0.25692319685237847, 0.5098465734946503, -0.7659309646278518, 0.43501725994274565, 0.6630797055697291, -0.790452950493958, 0.028853255109039837, 0.10846513552094414, -0.7588870857129407, -0.018406545864340866]
aff_rhs ./ comb_rhs = [1.017927296153465, 1.017927296153465, 1.017927296153465, 1.017927296153465, 1.017927296153465, 1.017927296153465, 1.017927296153465, 1.017927296153465, 1.017927296153465, 1.017927296153465, 1.017927296153465, 1.017927296153465, 1.017927296153465, 1.017927296153465, 1.017927296153465, 1.017927296153465, 1.017927296153465, 1.017927296153465, 1.017927296153465, 1.017927296153465, 1.017927296153465, 1.017927296153465, 1.017927296153465, 1.017927296153465, 1.017927296153465, 1.017927296153465, 1.017927296153465, 1.017927296153465, 1.017927296153465, 1.017927296153465, 1.017927296153465, 1.017927296153465, 1.017927296153465, 1.017927296153465, 1.017927296153465, 1.017927296153465, 1.017927296153465, 1.017927296153465, 1.017927296153465, 1.017927296153465, 1.017927296153465, 1.017927296153465, 1.047014527636113, 0.9296489421113727, 0.9596149438691572, 2.254852038169186, 0.9351531181333894, 0.8163762260566272, 0.857705035009423, 0.8714246214697282, 1.072701484245502, 1.0704909696756424, 1.0701738574395456, 1.1894565813342732, 1.1870186474274647, 1.1713855736384522, 1.0891772671776596, 1.0903749932297082, 1.0885905214488911, 1.0253762195391924, 1.0151816649764296, 1.0164036513368555, 0.9765635300591534, 0.9754675682571099, 0.9848720643438975, 1.3636187288872705, 1.199624540041616, 1.0258377613427796, 1.0816156873110678]
dot(comb_rhs, aff_rhs) = 9.860875078544922
(dot(comb_rhs, aff_rhs) / norm(aff_rhs)) / norm(comb_rhs) = 0.9980410141617951
norm(aff_rhs) = 3.227023090051372
norm(comb_rhs) = 3.0617166453688855
    3   3.3876e+00   3.3833e+00  5.16e-02  1.52e-02  9.83e-03  0.00e+00  7.51e-04  1.13e+00  1.51e-03  1.97e-03  1.76e-02  9.41e-01
alphas
aff_alpha = 0.9529844904647388
alpha = 0.9413860013860599
directions
comb_dir ./ aff_dir = [1.0026817723128885, 1.0525979408220967, 1.0548151686171594, 1.0168270228356995, 0.7638689336293827, 0.9820616424713153, 1.1794426735082082, 1.2806102619543724, 0.8956279489036756, 1.1668751042958785, 0.9629805020620124, 1.0184518936027178, 1.0157126473620819, 1.0374595861205955, 1.0353588440197268, 1.01301610251615, 1.3418285102136185, 1.2696527595092144, 0.9697205014240604, 0.24462969410723015, 1.012312086377563, 0.9819315811429993, 0.8986148999364364, 0.9122091208375344, 0.9814422017425213, 1.013936360860689, 0.9616366462889575, 1.0097925867711237, 1.0139363608609238, 1.148397189064378, 1.0610151989725976, 1.0139363608607477, 0.8077674884881894, 1.0749159046016825, 1.4157931734841167, 1.0722584276850429, 1.1424594486765673, 1.4157931734838176, 0.9806504843651137, 0.8919185233873183, 1.415793173484697, 1.0115328945216202, 0.9923078478336746, 0.9968529867095347, 1.0013884424866772, 1.0031772791925584, 1.0028934643444027, 1.0418445283476527, 1.0196671566984514, 1.013768508740506, 1.1067916705101541, 1.0110529935517094, 0.8698689614880097, 0.9312293795244013, 1.0110529935517099, 1.877189425482292, 1.0013256752226192, 1.0110529935517099, 1.0956144087014652, 1.3779202461149735, 1.0110529935517099, 1.0968696667107638, 1.1807345818091872, 1.0110529935517096, 0.7732532039991304, 1.039506373189318, 1.0110529935517096, 1.0258740075771844, 0.9920852410416602]
dot(comb_dir, aff_dir) = 0.031069222414970895
norm(aff_dir) = 0.1734517036004623
norm(comb_dir) = 0.17919117805041
s dir
comb_dir_s ./ aff_dir_s = [0.9923078478336746, 0.9968529867095347, 1.0013884424866772, 1.0031772791925584, 1.0028934643444027, 1.0418445283476527, 1.0196671566984514, 1.013768508740506, 1.1067916705101541, 1.0110529935517094, 0.8698689614880097, 0.9312293795244013, 1.0110529935517099, 1.877189425482292, 1.0013256752226192, 1.0110529935517099, 1.0956144087014652, 1.3779202461149735, 1.0110529935517099, 1.0968696667107638, 1.1807345818091872, 1.0110529935517096, 0.7732532039991304, 1.039506373189318, 1.0110529935517096, 1.0258740075771844]
dot(comb_dir_s, aff_dir_s) = 0.024805596147484798
norm(aff_dir_s) = 0.15506095936400988
norm(comb_dir_s) = 0.16000578347271432
z dir
comb_dir_z ./ aff_dir_z = [1.01301610251615, 1.3418285102136185, 1.2696527595092144, 0.9697205014240604, 0.24462969410723015, 1.012312086377563, 0.9819315811429993, 0.8986148999364364, 0.9122091208375344, 0.9814422017425213, 1.013936360860689, 0.9616366462889575, 1.0097925867711237, 1.0139363608609238, 1.148397189064378, 1.0610151989725976, 1.0139363608607477, 0.8077674884881894, 1.0749159046016825, 1.4157931734841167, 1.0722584276850429, 1.1424594486765673, 1.4157931734838176, 0.9806504843651137, 0.8919185233873183, 1.415793173484697]
dot(comb_dir_z, aff_dir_z) = 0.0005734928457758021
norm(aff_dir_z) = 0.02346269247556668
norm(comb_dir_z) = 0.024548004512753976
rhs
aff_rhs = [-0.0032313724967948376, -0.004111818148620813, -0.0011337321241570997, -0.004856785307628328, 0.0014182731105423785, -0.0037571032988110153, -0.00573660691700606, 0.0017190902236179414, -0.0004635252582667754, -0.0003224660670124724, 0.0016695439419401326, 0.003991316902696607, -0.00048731856331005186, 0.0004110717247183121, 0.000866117767453595, 0.0019112084442087784, 0.0019112084442083344, 0.000158332306986253, 0.0009615591121812095, -7.731263528265586e-5, 3.2726380914116504e-5, 0.00035172224693413856, -4.514029163482647e-5, -0.0005346583699651908, -0.0003847266221053136, 0.0019112084442084022, 0.00033967921719091354, -0.00038472662210509156, 0.0019112084442082459, 0.00019497915277422173, -0.00038472662210509156, 0.001911208444208263, -0.00023624185486720295, -0.00038472662210509156, 0.0019112084442082745, 2.5814624255215968e-5, -0.0003847266221053136, 0.0019112084442083578, 1.2258124888270966e-5, -0.0003847266221053136, 0.0019112084442085159, 0.006401696322378747, -1.1371212413170537, -0.6886036739150388, -0.17957908157748628, -0.0011055376200855699, -0.12805575183896514, -0.03868394480223458, -0.06538081581651686, -0.07558896207783909, 0.601373078078734, 0.982348319488709, -1.1376955295990256, 0.21611063646968207, 0.5723172501792461, -1.137695529599027, 0.3196069451768513, 0.7224660504044284, -1.137695529599026, 0.26663221811073584, 0.5180625976695973, -0.6891779621970119, 0.40145937726930847, 0.6158233038223542, -0.6891779621970104, 0.021624744683239973, 0.09291251498292763, -0.6891779621970102, -0.0015111236766510126]
comb_rhs = [-0.003231036673772566, -0.004111390824566075, -0.0011336143001214126, -0.004856280562253986, 0.0014181257153526065, -0.003756712838786352, -0.0057360107354533715, 0.0017189115657643434, -0.0004634770860262538, -0.00032243255446345127, 0.0016693704332242684, 0.003990902101832132, -0.0004872679183308976, 0.0004110290037540462, 0.0008660277554581974, 0.0019110098203124117, 0.0019110098203119678, 0.00015831585217211192, 0.0009614591813662181, -7.730460050397709e-5, 3.272297979828801e-5, 0.00035168569391275746, -4.513560039320141e-5, -0.000534602805158019, -0.0003846866390773241, 0.0019110098203120355, 0.00033964391575122093, -0.0003846866390771021, 0.0019110098203118794, 0.00019495888940674258, -0.0003846866390771021, 0.0019110098203118965, -0.00023621730323975448, -0.0003846866390771021, 0.001911009820311908, 2.5811941449335557e-5, -0.0003846866390773241, 0.0019110098203119913, 1.2256850952644093e-5, -0.0003846866390773241, 0.0019110098203121491, 0.0064010310208671515, -1.128192888928897, -0.6853226427160132, -0.1799264771958113, -0.001070944598668073, -0.12826106355338845, -0.04025417779098985, -0.06661889811980269, -0.07652046805982457, 0.5963582450073208, 0.9740662590537728, -1.1280405722539368, 0.21371834949773524, 0.5654354923307232, -1.1222835759854342, 0.31619893840080626, 0.7151069214608282, -1.126826575635949, 0.2662262894414203, 0.5164143925679093, -0.6858601051507008, 0.39955134601140935, 0.6125720211691159, -0.6853333916876885, 0.01996547883560092, 0.08572010315956796, -0.6419061120816482, -0.001498931737812234]
aff_rhs ./ comb_rhs = [1.0001039366173086, 1.0001039366173086, 1.0001039366173086, 1.0001039366173086, 1.0001039366173086, 1.0001039366173086, 1.0001039366173086, 1.0001039366173086, 1.0001039366173086, 1.0001039366173086, 1.0001039366173086, 1.0001039366173086, 1.0001039366173086, 1.0001039366173086, 1.0001039366173086, 1.0001039366173086, 1.0001039366173086, 1.0001039366173086, 1.0001039366173086, 1.0001039366173086, 1.0001039366173086, 1.0001039366173086, 1.0001039366173086, 1.0001039366173083, 1.0001039366173086, 1.0001039366173086, 1.0001039366173086, 1.0001039366173086, 1.0001039366173086, 1.0001039366173086, 1.0001039366173086, 1.0001039366173086, 1.0001039366173086, 1.0001039366173086, 1.0001039366173086, 1.0001039366173086, 1.0001039366173086, 1.0001039366173086, 1.0001039366173086, 1.0001039366173086, 1.0001039366173086, 1.0001039366173086, 1.0079138527425335, 1.0047875715677839, 0.9980692357026089, 1.0323014107924164, 0.9983992670204404, 0.960992049150567, 0.9814154490958504, 0.9878267082572311, 1.008409094891195, 1.008502563719825, 1.0085590514938636, 1.0111936433046997, 1.0121707214029956, 1.0137326732239311, 1.0107780462302662, 1.0102909491192824, 1.0096456315444486, 1.0015247505051708, 1.0031916327767165, 1.0048375128125904, 1.0047754344390185, 1.0053075924803634, 1.0056097813939204, 1.0831067394527185, 1.0839057765711153, 1.0736429350424213, 1.0081337518789037]
dot(comb_rhs, aff_rhs) = 10.232550708252772
(dot(comb_rhs, aff_rhs) / norm(aff_rhs)) / norm(comb_rhs) = 0.9999126695580627
norm(aff_rhs) = 3.217065206860797
norm(comb_rhs) = 3.1809875589871814
    4   3.3760e+00   3.3757e+00  3.03e-03  8.97e-04  5.73e-04  0.00e+00  4.38e-05  1.14e+00  8.87e-05  1.16e-04  1.04e-04  9.41e-01
alphas
aff_alpha = 0.5099347476749403
alpha = 0.98000199
directions
comb_dir ./ aff_dir = [2.1794463907849937, 2.6852756606636783, 2.3043912870234897, 1.3807688796086666, 1.668524386925462, 1.7530378652882659, 2.075143746968613, 4.203689856127449, -48.36078941270858, 1.8025637900784974, 3.2316990298909225, 2.302576432109741, 2.6769448883729368, 2.3596543551607145, 2.2929672868957938, 2.1444601947619177, 2.886274799164729, 2.368127766325302, 0.8304234489974408, 0.42930471000010945, 1.5953557806796554, 3.4292310393106535, 0.5592207935449746, 2.7706126453110023, 2.4332913369372045, 2.1297265045731386, -56.040066195899136, 4.797918195275042, 2.1297265045726097, 0.15283947793628616, 1.568334441407937, 2.129726504573691, 2.5817539614480562, 2.9029660044331673, 2.8501725047082305, -6.569139203325572, 3.9859578305050567, 2.8501725047073276, 0.7483438154050557, 1.4055291049247922, 2.85017250470136, 2.7936076483335426, 0.9014361266195531, 0.9358343788000614, 0.8898744309608064, 0.854453389902703, 0.8921185792876823, 0.9533648288102926, 0.9388821957188854, 0.9221365131066392, 1.4490914341765087, 2.8293322590205965, 9.128864582911199, 1.3163611742225865, 2.829332259020247, 1.7638923240353592, 2.4872213665091647, 2.829332259020244, 2.3170958531403634, -5.333261887735951, 2.8293322590202417, 1.2060939136145954, 1.8101955673273702, 2.829332259020245, 1.3181106148398132, 2.3031841270558653, 2.829332259020245, 2.305777135027761, 0.8644202183456517]
dot(comb_dir, aff_dir) = 0.01479244117354193
norm(aff_dir) = 0.08088796125689156
norm(comb_dir) = 0.18387107005057945
s dir
comb_dir_s ./ aff_dir_s = [0.9014361266195531, 0.9358343788000614, 0.8898744309608064, 0.854453389902703, 0.8921185792876823, 0.9533648288102926, 0.9388821957188854, 0.9221365131066392, 1.4490914341765087, 2.8293322590205965, 9.128864582911199, 1.3163611742225865, 2.829332259020247, 1.7638923240353592, 2.4872213665091647, 2.829332259020244, 2.3170958531403634, -5.333261887735951, 2.8293322590202417, 1.2060939136145954, 1.8101955673273702, 2.829332259020245, 1.3181106148398132, 2.3031841270558653, 2.829332259020245, 2.305777135027761]
dot(comb_dir_s, aff_dir_s) = 0.0072136699505698084
norm(aff_dir_s) = 0.056675707137913874
norm(comb_dir_s) = 0.1282165806771055
z dir
comb_dir_z ./ aff_dir_z = [2.1444601947619177, 2.886274799164729, 2.368127766325302, 0.8304234489974408, 0.42930471000010945, 1.5953557806796554, 3.4292310393106535, 0.5592207935449746, 2.7706126453110023, 2.4332913369372045, 2.1297265045731386, -56.040066195899136, 4.797918195275042, 2.1297265045726097, 0.15283947793628616, 1.568334441407937, 2.129726504573691, 2.5817539614480562, 2.9029660044331673, 2.8501725047082305, -6.569139203325572, 3.9859578305050567, 2.8501725047073276, 0.7483438154050557, 1.4055291049247922, 2.85017250470136]
dot(comb_dir_z, aff_dir_z) = 0.00013483469697309774
norm(aff_dir_z) = 0.007528844600231501
norm(comb_dir_z) = 0.01824077201174203
rhs
aff_rhs = [-0.0001897198021440505, -0.0002414123801465079, -6.656349104752768e-5, -0.0002851507675196291, 8.326941390388032e-5, -0.00022058642115091454, -0.00033680670685004577, 0.00010093093798693373, -2.721441751737247e-5, -1.8932573847829648e-5, 9.802198497478598e-5, 0.0002343375311304463, -2.8611366069783428e-5, 2.413477441970402e-5, 5.0851361652731394e-5, 0.00011221055085530729, 0.00011221055085508524, 9.295979952916866e-6, 5.6454897938484905e-5, -4.539166523542804e-6, 1.921425807793753e-6, 2.0650257797072413e-5, -2.650269260939808e-6, -3.1390772887496254e-5, -2.2588005157864188e-5, 0.00011221055085526473, 1.9943189446619547e-5, -2.2588005157642144e-5, 0.00011221055085546668, 1.1447583440848952e-5, -2.2588005157642144e-5, 0.00011221055085534724, -1.3870192312082086e-5, -2.2588005157642144e-5, 0.00011221055085541351, 1.5156239061425714e-6, -2.2588005157642144e-5, 0.00011221055085533015, 7.196969813161314e-7, -2.2588005157642144e-5, 0.00011221055085509415, 0.00037585532489670115, -1.1454768915235298, -0.6926826984066071, -0.17914218020237926, -6.581074649712098e-5, -0.12800557527493844, -0.03711960390231651, -0.06421057439012112, -0.0747864516758627, 0.6046339739196603, 0.9908423492963531, -1.1455106090411908, 0.2155890618881465, 0.5755651866129452, -1.1455106090411924, 0.32262823235706745, 0.7312668893150153, -1.1455106090411893, 0.26721452557214065, 0.5216618241475276, -0.6927164159242666, 0.4023366651039853, 0.6207880122969913, -0.6927164159242668, 0.02037319387281768, 0.09214438718930115, -0.6927164159242727, -8.870236970273757e-5]
comb_rhs = [-0.0001673905388862829, -0.00021299910683999932, -5.8729233905367195e-5, -0.00025158966064441854, 7.346893633977242e-5, -0.00019462428007073514, -0.00029716590215151387, 8.905176955172495e-5, -2.4011389228892526e-5, -1.6704285494069254e-5, 8.648518869513852e-5, 0.00020675693930685774, -2.5243922513989124e-5, 2.1294207828372553e-5, 4.486635940980451e-5, 9.90038170192429e-5, 9.900381701904698e-5, 8.201880226574094e-6, 4.981038184679257e-5, -4.00492474630294e-6, 1.6952816614915169e-6, 1.8219804900323716e-5, -2.3383431501031493e-6, -2.769620424601363e-5, -1.9929487133189037e-5, 9.900381701920536e-5, 1.7595955671755182e-5, -1.9929487132993128e-5, 9.900381701938353e-5, 1.0100248574233959e-5, -1.9929487132993128e-5, 9.900381701927815e-5, -1.2237726053566871e-5, -1.9929487132993128e-5, 9.900381701933663e-5, 1.337241023504272e-6, -1.9929487132993128e-5, 9.900381701926306e-5, 6.349915199988849e-7, -1.9929487132993128e-5, 9.900381701905484e-5, 0.00033161865375533084, -1.0361226898507097, -0.6518209558517816, -0.16002078371232553, -5.464661232621279e-5, -0.11410108126104238, -0.035502014386422864, -0.06043828699514007, -0.06890228781349672, 0.5457989983753666, 0.8944753135920908, -1.0341176937169454, 0.18900537098527614, 0.5059102811336641, -1.0111206337869874, 0.2829160775109211, 0.6409829929163677, -1.0035259563162455, 0.23991753510336422, 0.46863102181642363, -0.6225860899862946, 0.3551716365550765, 0.5480694049949059, -0.6115908379214844, 0.010079844719963385, 0.047900206650858805, -0.4155975932068043, -7.686048229709319e-5]
aff_rhs ./ comb_rhs = [1.1333962086885747, 1.1333962086885747, 1.1333962086885747, 1.1333962086885747, 1.1333962086885747, 1.1333962086885747, 1.1333962086885747, 1.1333962086885747, 1.1333962086885747, 1.1333962086885747, 1.1333962086885747, 1.1333962086885747, 1.1333962086885747, 1.1333962086885747, 1.1333962086885747, 1.1333962086885747, 1.1333962086885747, 1.1333962086885747, 1.1333962086885747, 1.1333962086885747, 1.1333962086885747, 1.1333962086885747, 1.1333962086885747, 1.1333962086885747, 1.1333962086885747, 1.1333962086885747, 1.1333962086885747, 1.1333962086885747, 1.1333962086885747, 1.1333962086885747, 1.1333962086885747, 1.1333962086885747, 1.1333962086885747, 1.1333962086885747, 1.1333962086885747, 1.1333962086885747, 1.1333962086885747, 1.1333962086885747, 1.1333962086885747, 1.1333962086885747, 1.1333962086885747, 1.1333962086885747, 1.1055417497792435, 1.062688599051604, 1.1194932061102068, 1.2042969123916396, 1.1218611941291348, 1.0455633164441582, 1.0624155247034779, 1.0853986717871127, 1.1077960489473648, 1.107735824834858, 1.1077178313465115, 1.1406504522294305, 1.1376823284223352, 1.132911910570818, 1.1403672608341369, 1.1408522494300053, 1.1414857800451348, 1.1137765543357054, 1.113161100871119, 1.1126435798453445, 1.1327950311752861, 1.132681384217682, 1.1326468170754338, 2.0211813216197725, 1.9236741056449929, 1.666796023959581, 1.1540699076005179]
dot(comb_rhs, aff_rhs) = 9.231761407310817
(dot(comb_rhs, aff_rhs) / norm(aff_rhs)) / norm(comb_rhs) = 0.9973565930314405
norm(aff_rhs) = 3.2390258020322427
norm(comb_rhs) = 2.857720177088923
    5   3.3751e+00   3.3751e+00  4.08e-04  1.21e-04  7.78e-05  0.00e+00  5.94e-06  1.14e+00  1.36e-05  1.57e-05  1.18e-01  9.80e-01
alphas
aff_alpha = 0.95089495089501
alpha = 0.9319721413721993
directions
comb_dir ./ aff_dir = [3.940461254599369, 1.4126749331952073, 2.54527207534092, 1.0590058529809756, 1.2135172336690296, 3.1297297826834867, 4.268634035946116, 1.5434908479258218, 1.1245713755192612, 1.305983960181342, 1.1220810667583736, 1.4807111816329217, 3.3110784074506907, 1.9916278894627737, 2.2891025800287483, 1.4396898392048716, 1.494824192097942, 1.8226308820501511, 0.9997398666927965, 1.4030171749113713, 0.8043910706526868, 0.7645341011864911, 1.338312953867876, 1.4062974436809008, 1.3464169489853912, 1.4588594414292642, 1.6337925320858266, 1.3440656926589007, 1.4588594413321732, 1.4916290539454953, 1.60966946499934, 1.4588594413646487, 1.512771636309228, 1.411836335136401, 1.5057449592781373, 1.3550617285677298, 1.4175263289742728, 1.505744959312531, 1.1889383111367946, 1.81027658434786, 1.5057449591267418, 3.2888815375419354, 0.9998334184120381, 0.999745543903444, 0.9998736282737606, 0.9105270468590864, 1.000154608631839, 1.0002317807967505, 1.0000417776844688, 1.0002479109132507, 1.5034825311413866, 4.394080137359979, 1.0603925520320947, 0.9349155609437062, 4.3940801372409375, 1.18559240533646, 0.965749788510848, 4.394080137240908, 1.5414331182372276, 1.293592654510244, 4.394080137240936, 1.3949283938659616, 1.388214327463935, 4.3940801372409135, 0.8136205400215848, 2.1914212238656945, 4.3940801372409135, 2.1247181521077976, 0.9998698682651467]
dot(comb_dir, aff_dir) = 1.8989650842337908e-6
norm(aff_dir) = 0.0011469388681854143
norm(comb_dir) = 0.0017451229605841279
s dir
comb_dir_s ./ aff_dir_s = [0.9998334184120381, 0.999745543903444, 0.9998736282737606, 0.9105270468590864, 1.000154608631839, 1.0002317807967505, 1.0000417776844688, 1.0002479109132507, 1.5034825311413866, 4.394080137359979, 1.0603925520320947, 0.9349155609437062, 4.3940801372409375, 1.18559240533646, 0.965749788510848, 4.394080137240908, 1.5414331182372276, 1.293592654510244, 4.394080137240936, 1.3949283938659616, 1.388214327463935, 4.3940801372409135, 0.8136205400215848, 2.1914212238656945, 4.3940801372409135, 2.1247181521077976]
dot(comb_dir_s, aff_dir_s) = 8.8373349688163e-7
norm(aff_dir_s) = 0.000823829579235922
norm(comb_dir_s) = 0.001153187693729139
z dir
comb_dir_z ./ aff_dir_z = [1.4396898392048716, 1.494824192097942, 1.8226308820501511, 0.9997398666927965, 1.4030171749113713, 0.8043910706526868, 0.7645341011864911, 1.338312953867876, 1.4062974436809008, 1.3464169489853912, 1.4588594414292642, 1.6337925320858266, 1.3440656926589007, 1.4588594413321732, 1.4916290539454953, 1.60966946499934, 1.4588594413646487, 1.512771636309228, 1.411836335136401, 1.5057449592781373, 1.3550617285677298, 1.4175263289742728, 1.505744959312531, 1.1889383111367946, 1.81027658434786, 1.5057449591267418]
dot(comb_dir_z, aff_dir_z) = 4.712033201060949e-7
norm(aff_dir_z) = 0.0005657357429710536
norm(comb_dir_z) = 0.0008335692346777972
rhs
aff_rhs = [-2.5676740928431974e-5, -3.267283157509793e-5, -9.008724948911251e-6, -3.859239942471948e-5, 1.1269710087663531e-5, -2.9854239379234482e-5, -4.558353138149618e-5, 1.3660026613333473e-5, -3.683208290236606e-6, -2.562340821840592e-6, 1.3266327948069367e-5, 3.1715319163572175e-5, -3.872271770705149e-6, 3.266408372393226e-6, 6.882240147023516e-6, 1.5186613158579831e-5, 1.518661315902392e-5, 1.2581210091511252e-6, 7.640624605897983e-6, -6.143323041385429e-7, 2.600464061863761e-7, 2.7948127373500498e-6, -3.5868832015673036e-7, -4.248437611265032e-6, -3.057068107770178e-6, 1.5186613158981157e-5, 2.699117872581591e-6, -3.057068107548133e-6, 1.5186613158878754e-5, 1.5493197386418078e-6, -3.057068107548133e-6, 1.518661315884171e-5, -1.877196426580685e-6, -3.057068107548133e-6, 1.5186613158797258e-5, 2.0512504177172541e-7, -3.057068107548133e-6, 1.5186613159047043e-5, 9.740402698993345e-8, -3.057068107548133e-6, 1.5186613159330821e-5, 5.086838429591012e-5, -1.1394775638302754, -0.6874841570750709, -0.17818963751601016, -1.2111480699004615e-5, -0.12791915156399175, -0.03684322076769208, -0.06400529028449008, -0.07469429058805847, 0.6016728520692748, 0.985883685779297, -1.1394821271702955, 0.21507935656513563, 0.5736663887239867, -1.139482127170296, 0.3225800449177, 0.7296471317943204, -1.139482127170295, 0.26585983411394, 0.5184222765780996, -0.6874887204150917, 0.40148649917452445, 0.6174121177470179, -0.6874887204150912, 0.020292421322208033, 0.09172980591081917, -0.6874887204150922, -1.3640573079197634e-5]
comb_rhs = [-2.5673700615069872e-5, -3.2668962873587394e-5, -9.007658250185193e-6, -3.858782980320974e-5, 1.126837567180982e-5, -2.9850704419593264e-5, -4.557813395898305e-5, 1.3658409166572806e-5, -3.6827721715168892e-6, -2.562037422002559e-6, 1.326475711810154e-5, 3.17115638385134e-5, -3.871813265490684e-6, 3.266021605823109e-6, 6.881425239604444e-6, 1.5184814952840257e-5, 1.5184814953284293e-5, 1.2579720384493557e-6, 7.6397199002288e-6, -6.142595627139888e-7, 2.6001561479561126e-7, 2.794481811142023e-6, -3.586458488440493e-7, -4.247934565272023e-6, -3.056706128613913e-6, 1.5184814953241535e-5, 2.698798277343365e-6, -3.0567061283918947e-6, 1.5184814953139144e-5, 1.54913628788703e-6, -3.0567061283918947e-6, 1.5184814953102105e-5, -1.8769741528351608e-6, -3.0567061283918947e-6, 1.5184814953057658e-5, 2.051007534709968e-7, -3.0567061283918947e-6, 1.5184814953307414e-5, 9.739249364286244e-8, -3.0567061283918947e-6, 1.5184814953591158e-5, 5.086236110827449e-5, -1.139239689107032, -0.6872045730521718, -0.17815760989349141, -1.2108465844974678e-5, -0.12796248548092579, -0.036849791259658586, -0.06400622262638023, -0.07472655640992007, 0.6015186547419507, 0.9856259607063085, -1.139180518660057, 0.21503491063072824, 0.5735476310800404, -1.1392455458647102, 0.32240719230272236, 0.7291943528686183, -1.1386533677210593, 0.2657120317679397, 0.5181191519011263, -0.6870679685587149, 0.40146710553569487, 0.6173244761169288, -0.6873565637452032, 0.020521240056608284, 0.09261268007197833, -0.6900050583495045, -1.3639055308556135e-5]
aff_rhs ./ comb_rhs = [1.0001184213140009, 1.0001184213140009, 1.0001184213140009, 1.0001184213140009, 1.0001184213140009, 1.0001184213140009, 1.0001184213140009, 1.0001184213140009, 1.0001184213140009, 1.0001184213140009, 1.0001184213140009, 1.0001184213140009, 1.0001184213140009, 1.0001184213140009, 1.0001184213140009, 1.0001184213140009, 1.0001184213140009, 1.0001184213140009, 1.0001184213140009, 1.0001184213140006, 1.0001184213140009, 1.0001184213140006, 1.0001184213140009, 1.0001184213140009, 1.0001184213140009, 1.0001184213140009, 1.0001184213140009, 1.0001184213140009, 1.0001184213140009, 1.0001184213140009, 1.0001184213140009, 1.0001184213140009, 1.0001184213140009, 1.0001184213140009, 1.0001184213140009, 1.0001184213140009, 1.0001184213140009, 1.0001184213140009, 1.0001184213140009, 1.0001184213140009, 1.0001184213140009, 1.0001184213140009, 1.0002088012957395, 1.0004068424947428, 1.0001797712853124, 1.0002489872844782, 0.9996613545229981, 0.99982169527311, 0.9999854335742386, 0.999568214789872, 1.0002563467086325, 1.0002614836492374, 1.0002647591889944, 1.0002066917147407, 1.0002070580323428, 1.000207664894056, 1.0005361313863474, 1.0006209303787403, 1.0007278417407173, 1.0005562501066168, 1.0005850481995522, 1.000612387530246, 1.0000483069187043, 1.00014197012022, 1.000192267997221, 0.9888496633844227, 0.9904670271881454, 0.9963531601631568, 1.0001112812146562]
dot(comb_rhs, aff_rhs) = 10.3781510076089
(dot(comb_rhs, aff_rhs) / norm(aff_rhs)) / norm(comb_rhs) = 0.9999995889336138
norm(aff_rhs) = 3.2217701481870327
norm(comb_rhs) = 3.2212587479462864
    6   3.3751e+00   3.3751e+00  2.78e-05  8.24e-06  5.30e-06  0.00e+00  4.05e-07  1.14e+00  9.30e-07  1.07e-06  1.18e-04  9.32e-01
alphas
aff_alpha = 0.4519168946936744
alpha = 0.8774332708966681
directions
comb_dir ./ aff_dir = [3.6131255539792324, 4.63784796347737, 4.0525780182475675, 2.4549674710743536, 2.165230243260934, 6.2095238308387515, 3.0577063346978353, 8.317057489033564, 4.710620667635443, 2.2319399123544494, 3.436640233318561, 2.763465620847643, 2.3449123211003227, 4.161330772307534, 3.9925112091312727, 29.238789024133244, -1.8661400238324133, -3.0568431290705074, 0.857453764228608, 1.2158665501262786, -2.00487503870426, 3.0625468736338632, 1.2196355062469375, -3.3616164358680516, -11.29372523597601, 30.491636178449003, 2.9702854706397037, 3.3245054111639236, 30.49163613835846, 1.2123864567255487, 1.4584110344588712, 30.49163615141375, -3.231027784384466, -2.3256331513237027, -1.8580973255909181, 2.951729610236108, -64.02632719719551, -1.8580973254248898, 1.2394276960766162, 1.4340371116884743, -1.8580973263600955, 2.4632772836296057, 0.8695039163564675, 0.8856586918306917, 0.8672917135036079, 3.1366330292003375, 0.8631868911902044, 0.8908574411034679, 0.8833769336621631, 0.8700434622810376, 1.48934354510511, 2.461657509176628, 3.892594132845832, 1.4728646988749927, 2.4616575091766246, 2.2516695422795134, 2.996447917004309, 2.4616575091766233, 29.649899290098514, 14.011965679464517, 2.4616575091766264, 1.2478750408821122, 2.234591936316041, 2.4616575091766237, 1.1190403359672272, 3.999847953906254, 2.4616575091766237, 3.608727234226599, 0.8618466360397687]
dot(comb_dir, aff_dir) = 6.133443208782473e-5
norm(aff_dir) = 0.004024656383293977
norm(comb_dir) = 0.015470865094886365
s dir
comb_dir_s ./ aff_dir_s = [0.8695039163564675, 0.8856586918306917, 0.8672917135036079, 3.1366330292003375, 0.8631868911902044, 0.8908574411034679, 0.8833769336621631, 0.8700434622810376, 1.48934354510511, 2.461657509176628, 3.892594132845832, 1.4728646988749927, 2.4616575091766246, 2.2516695422795134, 2.996447917004309, 2.4616575091766233, 29.649899290098514, 14.011965679464517, 2.4616575091766264, 1.2478750408821122, 2.234591936316041, 2.4616575091766237, 1.1190403359672272, 3.999847953906254, 2.4616575091766237, 3.608727234226599]
dot(comb_dir_s, aff_dir_s) = 2.9679686201663574e-5
norm(aff_dir_s) = 0.0027751389924026287
norm(comb_dir_s) = 0.010784243987549449
z dir
comb_dir_z ./ aff_dir_z = [29.238789024133244, -1.8661400238324133, -3.0568431290705074, 0.857453764228608, 1.2158665501262786, -2.00487503870426, 3.0625468736338632, 1.2196355062469375, -3.3616164358680516, -11.29372523597601, 30.491636178449003, 2.9702854706397037, 3.3245054111639236, 30.49163613835846, 1.2123864567255487, 1.4584110344588712, 30.49163615141375, -3.231027784384466, -2.3256331513237027, -1.8580973255909181, 2.951729610236108, -64.02632719719551, -1.8580973254248898, 1.2394276960766162, 1.4340371116884743, -1.8580973263600955]
dot(comb_dir_z, aff_dir_z) = 1.1082044362605158e-7
norm(aff_dir_z) = 0.0004124680974566766
norm(comb_dir_z) = 0.0009443732653228494
rhs
aff_rhs = [-1.7495671690015424e-6, -2.226268290800304e-6, -6.138384177345468e-7, -2.6296170505951677e-6, 7.678978851954898e-7, -2.0342144578799903e-6, -3.1059802751212673e-6, 9.30769772393078e-7, -2.509672211159497e-7, -1.7459332334046618e-7, 9.039438487595808e-7, 2.161025107194625e-6, -2.6384967162507156e-7, 2.225672241923382e-7, 4.689435234000311e-7, 1.0347886505446269e-6, 1.0347886503225823e-6, 8.57261159836753e-8, 5.206184909845035e-7, -4.18595016427048e-8, 1.77190964123497e-8, 1.9043354004821822e-7, -2.444038038618146e-8, -2.894809381648322e-7, -2.083031516164624e-7, 1.0347886505018615e-6, 1.8391306287612874e-7, -2.083031516164624e-7, 1.0347886506215112e-6, 1.0556787563564818e-7, -2.083031516164624e-7, 1.0347886506399712e-6, -1.2790880588031683e-7, -2.083031516164624e-7, 1.0347886508175667e-6, 1.3976853785457877e-8, -2.083031516164624e-7, 1.034788650567752e-6, 6.636935334647376e-9, -2.083031516164624e-7, 1.034788650240901e-6, 3.4660806980113534e-6, -1.1396241636126054, -0.687778637180021, -0.17820927053925656, -8.254366554321641e-7, -0.12784269408275292, -0.03683568329160793, -0.06400002094911683, -0.07464356710168113, 0.60177640665889, 0.9860498171948459, -1.1396244745504334, 0.2150934004450507, 0.5737348734233266, -1.1396244745504238, 0.32241198484728734, 0.7294961223046346, -1.1396244745504267, 0.2658988366081551, 0.5185945345911213, -0.687778948117845, 0.4015253105384924, 0.6176240433627739, -0.6877789481178506, 0.020270516037550562, 0.09170848542001643, -0.6877789481178146, -9.296980406682017e-7]
comb_rhs = [-1.5098401172694518e-6, -1.921223281283595e-6, -5.297298011974788e-7, -2.2693048808810027e-6, 6.626799208264637e-7, -1.7554848136465183e-6, -2.6803964465691026e-6, 8.03234975598463e-7, -2.1657949764611747e-7, -1.5067041063491765e-7, 7.800847608469052e-7, 1.8649197693455839e-6, -2.2769678478549067e-7, 1.9207089034865173e-7, 4.0468851777043647e-7, 8.930011063130666e-7, 8.930011061214467e-7, 7.397985702012955e-8, 4.4928294117983355e-7, -3.612388023097758e-8, 1.5291212066124e-8, 1.6434018855219223e-7, -2.1091540491949923e-8, -2.498160352857398e-7, -1.7976129207070114e-7, 8.930011062761609e-7, 1.587131522242422e-7, -1.7976129207070114e-7, 8.930011063794162e-7, 9.110288336090367e-8, -1.7976129207070114e-7, 8.930011063953468e-7, -1.1038264199958983e-7, -1.7976129207070114e-7, 8.930011065486079e-7, 1.206173442917132e-8, -1.7976129207070114e-7, 8.93001106333023e-7, 5.727537302664673e-9, -1.7976129207070114e-7, 8.930011060509575e-7, 2.9911556299592586e-6, -0.9906990630973357, -0.6088476409830543, -0.15451554033132364, -7.076804094075326e-7, -0.11032671529772968, -0.03280619402851586, -0.056501700369110286, -0.06492858970910349, 0.523138191551306, 0.8571909569026568, -0.9906924378918452, 0.19664125641128335, 0.5245237029057246, -1.041899487878083, 0.282444723744976, 0.639206439941538, -0.9988506101788289, 0.23217503326263927, 0.4528168106033589, -0.6005361374813328, 0.3580090145006788, 0.5508295711950427, -0.6134821115426312, -0.0010078142653526527, -0.005181646871746857, 0.05548750278921363, -8.009884572149357e-7]
aff_rhs ./ comb_rhs = [1.158776448572341, 1.1587764485723409, 1.158776448572341, 1.158776448572341, 1.158776448572341, 1.158776448572341, 1.158776448572341, 1.158776448572341, 1.158776448572341, 1.158776448572341, 1.158776448572341, 1.158776448572341, 1.158776448572341, 1.158776448572341, 1.158776448572341, 1.158776448572341, 1.158776448572341, 1.158776448572341, 1.158776448572341, 1.158776448572341, 1.158776448572341, 1.158776448572341, 1.158776448572341, 1.158776448572341, 1.158776448572341, 1.158776448572341, 1.158776448572341, 1.158776448572341, 1.158776448572341, 1.158776448572341, 1.158776448572341, 1.158776448572341, 1.158776448572341, 1.158776448572341, 1.158776448572341, 1.158776448572341, 1.158776448572341, 1.158776448572341, 1.158776448572341, 1.158776448572341, 1.158776448572341, 1.158776448572341, 1.1503232475557896, 1.129639980323359, 1.1533420532143697, 1.166397493076312, 1.1587646177786977, 1.1228270874576172, 1.1327096446836475, 1.1496255722803035, 1.1503201570399426, 1.1503269012050745, 1.150331254143324, 1.0938365853154128, 1.0938206800664774, 1.0937950232333506, 1.1415047184184557, 1.1412527733158546, 1.1409358546083226, 1.1452516356802545, 1.1452634320269965, 1.145274872220698, 1.1215508388762403, 1.1212615946213969, 1.121106769337408, -20.11334502241595, -17.69871388188584, -12.395204569406461, 1.1606884372601245]
dot(comb_rhs, aff_rhs) = 8.691271973232706
(dot(comb_rhs, aff_rhs) / norm(aff_rhs)) / norm(comb_rhs) = 0.9718354562032279
norm(aff_rhs) = 3.222326316656082
norm(comb_rhs) = 2.775371233046336
    7   3.3751e+00   3.3751e+00  6.75e-06  2.00e-06  1.29e-06  0.00e+00  9.83e-08  1.14e+00  2.27e-07  2.59e-07  1.37e-01  8.77e-01
alphas
aff_alpha = 0.8096091766974448
alpha = 0.9702019701
directions
comb_dir ./ aff_dir = [1.13405293458064, 1.235456398691763, 1.1261963494672689, 0.09472513980041479, 0.6511544107449538, 1.5133811423944148, 1.0959309672448774, 1.1141636776574055, 0.8214850028313118, 0.5523667054005568, 0.8555601097830515, 0.6035704782587329, -0.45397146292382684, 1.1222579350704305, 1.1455967636857167, 7.490251210574079, 0.9706988386076607, 0.1980202141994973, 0.9928936301078548, 1.6322823798396577, 0.12854727677417221, 1.0448786973548922, 1.6260400908845931, 0.2103902551044109, -2.0642100464080646, 7.45120744037943, 1.044360139634592, 0.8807958392610001, 7.451207441217493, 1.6382795956342258, 1.9731143288539938, 7.451207441058007, 0.20536233529162695, 0.8193715168622862, 0.9706896989841735, 1.0442542127748915, 0.9961930031041011, 0.9706896989861303, 1.5970070504855542, 2.216016920922609, 0.9706896989862159, -0.14780919058664327, 0.9932001516169257, 0.9934249557585533, 0.9930718590642678, -2.0445037488973363, 0.9931671972145052, 0.9937516771918574, 0.993392511471503, 0.9933479773803291, 1.8865958400020926, -0.14672354510876903, 0.7251784052352609, 3.693479296843178, -0.14672354510879154, 0.5315832419567232, 0.8374451378797597, -0.1467235451087922, 1.3935890080135793, 0.9463292627134369, -0.14672354510877716, 1.611546106533526, 0.5322827422577777, -0.14672354510879249, 5.517419456185872, 1.143816556424087, -0.14672354510879249, 1.0714439764772887, 0.9929635619364181]
dot(comb_dir, aff_dir) = 3.8333912284990126e-5
norm(aff_dir) = 0.005806318325526574
norm(comb_dir) = 0.006617124683233995
s dir
comb_dir_s ./ aff_dir_s = [0.9932001516169257, 0.9934249557585533, 0.9930718590642678, -2.0445037488973363, 0.9931671972145052, 0.9937516771918574, 0.993392511471503, 0.9933479773803291, 1.8865958400020926, -0.14672354510876903, 0.7251784052352609, 3.693479296843178, -0.14672354510879154, 0.5315832419567232, 0.8374451378797597, -0.1467235451087922, 1.3935890080135793, 0.9463292627134369, -0.14672354510877716, 1.611546106533526, 0.5322827422577777, -0.14672354510879249, 5.517419456185872, 1.143816556424087, -0.14672354510879249, 1.0714439764772887]
dot(comb_dir_s, aff_dir_s) = 1.881821582131269e-5
norm(aff_dir_s) = 0.004063939478887165
norm(comb_dir_s) = 0.00463704684631057
z dir
comb_dir_z ./ aff_dir_z = [7.490251210574079, 0.9706988386076607, 0.1980202141994973, 0.9928936301078548, 1.6322823798396577, 0.12854727677417221, 1.0448786973548922, 1.6260400908845931, 0.2103902551044109, -2.0642100464080646, 7.45120744037943, 1.044360139634592, 0.8807958392610001, 7.451207441217493, 1.6382795956342258, 1.9731143288539938, 7.451207441058007, 0.20536233529162695, 0.8193715168622862, 0.9706896989841735, 1.0442542127748915, 0.9961930031041011, 0.9706896989861303, 1.5970070504855542, 2.216016920922609, 0.9706896989862159]
dot(comb_dir_z, aff_dir_z) = 2.0654424169429766e-7
norm(aff_dir_z) = 0.00045395065455000974
norm(comb_dir_z) = 0.0004941816604293629
rhs
aff_rhs = [-4.2478321637950955e-7, -5.405230629057511e-7, -1.490358654543389e-7, -6.384534462500202e-7, 1.8644047453109103e-7, -4.938936757903356e-7, -7.541112537132189e-7, 2.2598468052414944e-7, -6.093316425731521e-8, -4.239009185336151e-8, 2.1947152561985206e-7, 5.246824539284489e-7, -6.406093684685477e-8, 5.40378347901882e-8, 1.1385635362813618e-7, 2.512397687670642e-7, 2.5123976921115343e-7, 2.0813727630297763e-8, 1.2640269053676434e-7, -1.0163208052915707e-8, 4.302078693285694e-9, 4.623599048070304e-8, -5.933961100268448e-9, -7.028403692377339e-8, -5.057461316404499e-8, 2.5123976905739244e-7, 4.465286211619013e-8, -5.057461316404499e-8, 2.5123976898262653e-7, 2.5631174238593957e-8, -5.057461316404499e-8, 2.5123976891793524e-7, -3.105540319348066e-8, -5.057461316404499e-8, 2.512397689289583e-7, 3.3934865334428466e-9, -5.057461316404499e-8, 2.5123976890117733e-7, 1.611405012896805e-9, -5.057461316404499e-8, 2.5123976903931586e-7, 8.415412304785264e-7, -1.1398128153960236, -0.6879508917941259, -0.1782392650911529, -2.043815861988643e-7, -0.12791959572491296, -0.0368412409811554, -0.06404249197329957, -0.0746881306566769, 0.6018797554619933, 0.9862166741819561, -1.13981289088965, 0.2152378920699425, 0.5740122913855971, -1.139812890889648, 0.322607298522378, 0.7297966198697723, -1.1398128908896485, 0.2659441279331536, 0.5187053261153866, -0.6879509672877526, 0.4017957404650529, 0.6178706026842994, -0.6879509672877533, 0.020282167353705683, 0.09175598640659531, -0.6879509672877449, -2.2652150756926073e-7]
comb_rhs = [-4.218516118459831e-7, -5.367926898575976e-7, -1.4800730735228424e-7, -6.340472151530742e-7, 1.8515377176296695e-7, -4.904851114139752e-7, -7.489068202871254e-7, 2.2442506684736935e-7, -6.051263930790368e-8, -4.209754031021652e-8, 2.179568619168674e-7, 5.210614034695622e-7, -6.361882584613574e-8, 5.36648973591779e-8, 1.1307058387642163e-7, 2.4950585928872545e-7, 2.4950585972974983e-7, 2.067008349388242e-8, 1.2553033332880806e-7, -1.0093067553822915e-8, 4.27238827023104e-9, 4.591689680167167e-8, -5.893008382287767e-9, -6.97989777374985e-8, -5.0225576856780443e-8, 2.4950585957705e-7, 4.43446942602883e-8, -5.0225576856780443e-8, 2.4950585950280006e-7, 2.5454282912147723e-8, -5.0225576856780443e-8, 2.4950585943855525e-7, -3.0841077021254584e-8, -5.0225576856780443e-8, 2.4950585944950226e-7, 3.370066680392405e-9, -5.0225576856780443e-8, 2.4950585942191296e-7, 1.6002840409304007e-9, -5.0225576856780443e-8, 2.4950585955909815e-7, 8.357334066491212e-7, -1.13214339082448, -0.6834317908094799, -0.17701425223428635, -2.029390148128236e-7, -0.1270575314746653, -0.036613083364975436, -0.06361846665474263, -0.07419829923098882, 0.5923665330188511, 0.9706280602599419, -1.1217960080645988, 0.2111923303813642, 0.5632450950097431, -1.1185046749955927, 0.31594760756996015, 0.7147290669825171, -1.11627586975031, 0.25839079682527255, 0.5039698745924851, -0.6684035259864121, 0.39962297319472023, 0.6145347110265885, -0.6842398996069986, 0.020913970714285454, 0.09461090957136988, -0.7092674434533598, -2.249396420080813e-7]
aff_rhs ./ comb_rhs = [1.00694937378738, 1.0069493737873798, 1.0069493737873798, 1.00694937378738, 1.0069493737873798, 1.00694937378738, 1.00694937378738, 1.0069493737873798, 1.00694937378738, 1.00694937378738, 1.00694937378738, 1.0069493737873798, 1.00694937378738, 1.0069493737873798, 1.0069493737873798, 1.0069493737873798, 1.0069493737873798, 1.00694937378738, 1.00694937378738, 1.0069493737873798, 1.00694937378738, 1.0069493737873798, 1.0069493737873798, 1.00694937378738, 1.00694937378738, 1.0069493737873798, 1.00694937378738, 1.00694937378738, 1.00694937378738, 1.00694937378738, 1.00694937378738, 1.0069493737873798, 1.00694937378738, 1.00694937378738, 1.0069493737873798, 1.0069493737873798, 1.00694937378738, 1.00694937378738, 1.00694937378738, 1.00694937378738, 1.00694937378738, 1.00694937378738, 1.006774251948738, 1.0066123657772685, 1.0069204193527037, 1.0071083984879459, 1.0067848339271375, 1.0062315870506067, 1.0066651294954674, 1.0066016530131394, 1.0160596892512823, 1.0160603371778059, 1.016060747850347, 1.0191558172651107, 1.0191163606594174, 1.0190506274764917, 1.0210784661534213, 1.0210814888932225, 1.0210853085488656, 1.0292321986722643, 1.0292387546672639, 1.0292449703530409, 1.0054370429531687, 1.005428320968458, 1.0054236353110746, 0.9697903679214673, 0.9698245881187629, 0.9699457851021233, 1.007032400101013]
dot(comb_rhs, aff_rhs) = 10.249318258221729
(dot(comb_rhs, aff_rhs) / norm(aff_rhs)) / norm(comb_rhs) = 0.9999285669492343
norm(aff_rhs) = 3.2230674490559332
norm(comb_rhs) = 3.180215931751057
    8   3.3751e+00   3.3751e+00  2.46e-07  7.30e-08  4.69e-08  0.00e+00  3.59e-09  1.14e+00  8.29e-09  9.47e-09  6.90e-03  9.70e-01
alphas
aff_alpha = 0.7176587595450151
alpha = 0.18278097024814105
directions
comb_dir ./ aff_dir = [-7.381413041490534, -7.384249286589377, -7.3769370031382815, -7.38617853340909, -7.383586798113449, -7.385930913014356, -7.38150789961786, -7.416610216585263, -7.387994299692083, -7.385344460228707, -7.3878835994534775, -7.386909041745941, -7.386376246322332, -7.3740360645543905, -7.380990290844988, -7.388245545487628, -7.388361150052754, -7.385495456638215, 2.7481544460237073, -7.386797903353865, -7.385484890741537, -7.388940094927023, -7.386795168120292, -7.38549753451002, -7.387174991185631, -7.388245420182521, -7.3889451659794965, -7.388683496943072, -7.388245420281645, -7.38680048105804, -7.387439946338047, -7.388245420148367, -7.385496681716107, -7.386966190077077, -7.388360941722644, -7.388946193256476, -7.388566619476358, -7.388360942340962, -7.38678170625555, -7.387131434315485, -7.388360942185445, -7.386518028080391, 2.749169887552553, 2.750535675889236, 2.7488972598034134, -7.386854573393697, 2.748644754732482, 2.7510863175557967, 2.7503748090356996, 2.7492163121828117, -7.384842421203645, -7.386518112004696, -7.387587008148114, -7.387161973867698, -7.386518112004698, -7.385441659096854, -7.387531576091667, -7.386518112004696, -7.385237540230433, -7.38905980930811, -7.386518112004696, -7.38410155516979, -7.385447519132859, -7.386518112004697, -7.387092499158529, -7.380742978221211, -7.386518112004697, -7.406841068436441, 2.748484012365777]
dot(comb_dir, aff_dir) = -17.15621013333892
norm(aff_dir) = 1.5242028973305737
norm(comb_dir) = 11.255858195752403
s dir
comb_dir_s ./ aff_dir_s = [2.749169887552553, 2.750535675889236, 2.7488972598034134, -7.386854573393697, 2.748644754732482, 2.7510863175557967, 2.7503748090356996, 2.7492163121828117, -7.384842421203645, -7.386518112004696, -7.387587008148114, -7.387161973867698, -7.386518112004698, -7.385441659096854, -7.387531576091667, -7.386518112004696, -7.385237540230433, -7.38905980930811, -7.386518112004696, -7.38410155516979, -7.385447519132859, -7.386518112004697, -7.387092499158529, -7.380742978221211, -7.386518112004697, -7.406841068436441]
dot(comb_dir_s, aff_dir_s) = -6.616845148188465
norm(aff_dir_s) = 0.9466286825675988
norm(comb_dir_s) = 6.989906246318236
z dir
comb_dir_z ./ aff_dir_z = [-7.388245545487628, -7.388361150052754, -7.385495456638215, 2.7481544460237073, -7.386797903353865, -7.385484890741537, -7.388940094927023, -7.386795168120292, -7.38549753451002, -7.387174991185631, -7.388245420182521, -7.3889451659794965, -7.388683496943072, -7.388245420281645, -7.38680048105804, -7.387439946338047, -7.388245420148367, -7.385496681716107, -7.386966190077077, -7.388360941722644, -7.388946193256476, -7.388566619476358, -7.388360942340962, -7.38678170625555, -7.387131434315485, -7.388360942185445]
dot(comb_dir_z, aff_dir_z) = -1.9986524887917787
norm(aff_dir_z) = 0.5201223247720317
norm(comb_dir_z) = 3.8426585494523104
rhs
aff_rhs = [-1.550195147248523e-8, -1.972573780706366e-8, -5.438884120856358e-9, -2.3299588786107606e-8, 6.803920066245084e-9, -1.802405391604367e-8, -2.7520380953272028e-8, 8.247038116651617e-9, -2.2236833416289237e-9, -1.5469767966624914e-9, 8.009349877768912e-9, 1.9147653573803325e-8, -2.337827390008762e-9, 1.9720459848437955e-9, 4.15505030382235e-9, 9.168692471916984e-9, 9.168692249872379e-9, 7.595701845275471e-10, 4.612913828694332e-9, -3.708935381041556e-10, 1.5699841426908279e-10, 1.687326833810232e-9, -2.1655299775602543e-10, -2.5649315449349785e-9, -1.8456596251326118e-9, 9.168692429177827e-9, 1.629552631721154e-9, -1.8456596251326118e-9, 9.16869257645869e-9, 9.353794128141857e-10, -1.8456596251326118e-9, 9.16869267829889e-9, -1.1333297078586213e-9, -1.8456596251326118e-9, 9.168692411766893e-9, 1.238414371051988e-10, -1.8456596251326118e-9, 9.168692606030703e-9, 5.880591499862753e-11, -1.8456596251326118e-9, 9.168692778862226e-9, 3.0711030607477596e-8, -1.1397220704518898, -0.6881252125132752, -0.17824164622678643, -7.496180105427988e-9, -0.12788989817045432, -0.03684153480368756, -0.06405952915441755, -0.07467068719371027, 0.6018884334099679, 0.9861746903546984, -1.139722073206937, 0.21529570103333606, 0.5740918518172425, -1.1397220732069366, 0.32253282613119616, 0.729677224125639, -1.1397220732069384, 0.26594784681015576, 0.5187766306504462, -0.6881252152683248, 0.40190386852973603, 0.6180308332968093, -0.6881252152683245, 0.020277291390367436, 0.09174397931787696, -0.6881252152683243, -8.28613714300168e-9]
comb_rhs = [-1.5153044757117373e-8, -1.9281765162801034e-8, -5.316469649540111e-9, -2.277517848800987e-8, 6.650782352831867e-9, -1.7618381542431742e-8, -2.690097211683481e-8, 8.061419745577389e-9, -2.1736342847651436e-9, -1.5121585614337322e-9, 7.829081221719746e-9, 1.8716692031490722e-8, -2.2852092614336118e-9, 1.9276605996651955e-9, 4.061531435809634e-9, 8.962330170998123e-9, 8.962329953951139e-9, 7.42474328006176e-10, 4.5090896995128275e-9, -3.6254573451563496e-10, 1.5346480747526626e-10, 1.6493497014226286e-9, -2.1167897945683094e-10, -2.507201920243849e-9, -1.8041188527572707e-9, 8.962330129220908e-9, 1.5928758393016944e-9, -1.8041188527572707e-9, 8.962330273186881e-9, 9.143265692978725e-10, -1.8041188527572707e-9, 8.962330372734936e-9, -1.1078215422254352e-9, -1.8041188527572707e-9, 8.962330112201848e-9, 1.210541035799002e-10, -1.8041188527572707e-9, 8.962330302093308e-9, 5.748235398227484e-11, -1.8041188527572707e-9, 8.962330471034864e-9, 3.00198089355587e-8, -1.2688498972185502, -0.7668881635230226, -0.19840874857088897, -8.339436444064612e-9, -0.1423322205943923, -0.04107758390812573, -0.0713805512454488, -0.08313887136527141, 0.7328611939652985, 1.2007492141715637, -1.3876910121404569, 0.24245186236728553, 0.6465055720986557, -1.283485756535317, 0.35458014129336735, 0.8021781560923179, -1.2529635508075785, 0.2843976613592147, 0.5547650350232985, -0.7358602210284795, 0.445907063655121, 0.685696812642668, -0.7634654094040532, 0.022957802206690518, 0.10387174714030525, -0.7790862676647511, -9.220630301692383e-9]
aff_rhs ./ comb_rhs = [1.0230255186967607, 1.0230255186967607, 1.0230255186967607, 1.0230255186967607, 1.0230255186967607, 1.0230255186967607, 1.0230255186967607, 1.0230255186967607, 1.0230255186967607, 1.0230255186967607, 1.0230255186967607, 1.0230255186967607, 1.0230255186967607, 1.0230255186967607, 1.0230255186967607, 1.0230255186967607, 1.0230255186967607, 1.0230255186967607, 1.0230255186967607, 1.0230255186967607, 1.0230255186967607, 1.0230255186967607, 1.0230255186967607, 1.0230255186967607, 1.0230255186967607, 1.0230255186967607, 1.0230255186967607, 1.0230255186967607, 1.0230255186967607, 1.0230255186967607, 1.0230255186967607, 1.0230255186967607, 1.0230255186967607, 1.0230255186967607, 1.0230255186967607, 1.0230255186967607, 1.0230255186967607, 1.0230255186967607, 1.0230255186967607, 1.0230255186967607, 1.0230255186967607, 1.0230255186967607, 0.8982323858403409, 0.8972953883550416, 0.898355780733645, 0.8988832945376314, 0.8985308993028738, 0.8968768680769412, 0.8974367392336714, 0.8981441047671179, 0.8212857200874901, 0.8212994676287111, 0.8213082474671088, 0.8879935956408075, 0.8879921173048096, 0.8879896542705228, 0.9096189790965864, 0.9096199124645133, 0.9096210919083384, 0.9351267008987268, 0.935128564165294, 0.9351303353598357, 0.9013175643267709, 0.9013179322139843, 0.9013181301893719, 0.8832418368191224, 0.8832428628927687, 0.8832464950652059, 0.8986519220362643]
dot(comb_rhs, aff_rhs) = 11.804694095996318
(dot(comb_rhs, aff_rhs) / norm(aff_rhs)) / norm(comb_rhs) = 0.9990493270618824
norm(aff_rhs) = 3.2231146394864836
norm(comb_rhs) = 3.665996559181014
    9   3.3751e+00   3.3751e+00  1.73e-07  5.13e-08  4.38e-08  0.00e+00  2.42e-09  1.39e+00  4.80e-09  6.66e-09  2.25e-02  1.83e-01
alphas
aff_alpha = 0.23421988258449034
alpha = 0.0
directions
comb_dir ./ aff_dir = [24.73034155278951, 22.673456174184473, 25.80300706523797, 21.56109191933737, 19.62416225018029, 22.354494329134535, 29.293363372135268, 21.659994264483664, 22.105545913516057, 20.761912370339527, 21.793136325198414, 21.72560768753702, 21.812737498790497, 27.006047182222535, 24.062726276327393, 21.088448099690172, 22.508389955402283, 22.055646029735097, 0.8877236133869546, 21.228157366210343, 22.056454194089483, 22.417607596305043, 21.228307079818272, 22.055495056459765, 21.41633372339504, 21.088415321932892, 22.417088957323138, 21.842134124414848, 21.08839320357692, 21.227962130153987, 21.165005019890497, 21.088422229071746, 22.055573951067903, 22.28532588292045, 22.50868586268617, 22.417223718535013, 22.476328963222837, 22.508419537083224, 21.22925977678648, 21.469833963470847, 22.50844385044097, 21.852456688571227, 0.907199949248078, 0.9024128564245947, 0.8911143144523457, 22.209848198362486, 0.9011692576705249, 0.9065357944757517, 0.9006339949594218, 0.9051894118009159, 21.556770860770836, 21.85245115762097, 22.04584166663035, 22.56625110951102, 21.852451157620163, 20.845346622816756, 21.55888553813418, 21.85245115762016, 22.26059926970449, 22.319147879073203, 21.852451157620166, 21.427797488117918, 20.848745947492475, 21.852451157620973, 22.485176586454923, 24.145616554582276, 21.852451157620973, 18.52578909036225, 0.8913880741322421]
dot(comb_dir, aff_dir) = 0.04411571712904535
norm(aff_dir) = 0.04438042405438621
norm(comb_dir) = 0.9951767859663242
s dir
comb_dir_s ./ aff_dir_s = [0.907199949248078, 0.9024128564245947, 0.8911143144523457, 22.209848198362486, 0.9011692576705249, 0.9065357944757517, 0.9006339949594218, 0.9051894118009159, 21.556770860770836, 21.85245115762097, 22.04584166663035, 22.56625110951102, 21.852451157620163, 20.845346622816756, 21.55888553813418, 21.85245115762016, 22.26059926970449, 22.319147879073203, 21.852451157620166, 21.427797488117918, 20.848745947492475, 21.852451157620973, 22.485176586454923, 24.145616554582276, 21.852451157620973, 18.52578909036225]
dot(comb_dir_s, aff_dir_s) = 0.015830493993553418
norm(aff_dir_s) = 0.026396483901831646
norm(comb_dir_s) = 0.6003947195153236
z dir
comb_dir_z ./ aff_dir_z = [21.088448099690172, 22.508389955402283, 22.055646029735097, 0.8877236133869546, 21.228157366210343, 22.056454194089483, 22.417607596305043, 21.228307079818272, 22.055495056459765, 21.41633372339504, 21.088415321932892, 22.417088957323138, 21.842134124414848, 21.08839320357692, 21.227962130153987, 21.165005019890497, 21.088422229071746, 22.055573951067903, 22.28532588292045, 22.50868586268617, 22.417223718535013, 22.476328963222837, 22.508419537083224, 21.22925977678648, 21.469833963470847, 22.50844385044097]
dot(comb_dir_z, aff_dir_z) = 0.006850307597764385
norm(aff_dir_z) = 0.01787289248229447
norm(comb_dir_z) = 0.38340432365827726
rhs
aff_rhs = [-1.1640161612369582e-8, -1.6337808439459423e-8, -8.09534633772202e-10, -1.6442692624130117e-8, 1.213965955537688e-8, -4.749981130647285e-9, -2.188695992499934e-8, 6.918180125992102e-9, -4.136997770742834e-8, -1.4336093229205815e-8, 7.465235679626758e-9, 1.3683007726861263e-8, 1.0880290321479968e-8, 2.6832888133654365e-9, 6.44171337452204e-9, 7.530549739342973e-9, 7.530549073209158e-9, 6.238600747110468e-10, 3.788738212051612e-9, -3.0462921074558835e-10, 1.2894751932890358e-10, 1.385857095748122e-9, -1.7786216943704858e-10, -2.106662677636706e-9, -1.515900960313843e-9, 7.530549156371029e-9, 1.3384053171305865e-9, -1.5159011823584478e-9, 7.530549094152357e-9, 7.682575409173609e-10, -1.5159011823584478e-9, 7.530548955207035e-9, -9.308410153785474e-10, -1.5159011823584478e-9, 7.53054877790791e-9, 1.0171488651344873e-10, -1.515900960313843e-9, 7.530549188162961e-9, 4.8299968191667375e-11, -1.515900960313843e-9, 7.530548762408704e-9, 2.5223981570121623e-8, -1.3880887882939448, -0.8380796082792262, -0.21707810940683198, -4.338460966725677e-9, -0.15575681217354842, -0.044868808774235484, -0.07801985265697664, -0.09094125631835587, 0.7330318540042695, 1.201068225066938, -1.3880887535499458, 0.26221452317709293, 0.6992002998053849, -1.3880887702036857, 0.39281198709496334, 0.8886789833583465, -1.388088779454729, 0.32389431828853144, 0.6318193001950504, -0.8380796530977837, 0.4894897366755727, 0.7527126405565127, -0.8380796133168454, 0.024695664254871665, 0.11173517183395523, -0.8380796154558293, -4.795253118502115e-9]
comb_rhs = [-9.41171053080561e-9, -1.3210016223189088e-8, -6.545532520467024e-10, -1.3294820852046744e-8, 9.815582075451676e-9, -3.840620853660152e-9, -1.7696810239690702e-8, 5.593728928696132e-9, -3.344990111086047e-8, -1.1591519440120585e-8, 6.036053415807e-9, 1.1063463910942976e-8, 8.797312821505528e-9, 2.1695865077257597e-9, 5.208479368447403e-9, 6.088863423443624e-9, 6.088862884837817e-9, 5.044251643952783e-10, 3.0634031138312342e-9, -2.463094625523507e-10, 1.0426115770587196e-10, 1.1205416433723434e-9, -1.438113411882285e-10, -1.7033525794778288e-9, -1.2256892564689882e-9, 6.0888629520787604e-9, 1.0821742719051357e-9, -1.2256894360042572e-9, 6.088862901771545e-9, 6.21178453445099e-10, -1.2256894360042572e-9, 6.0888627894266135e-9, -7.526361298656083e-10, -1.2256894360042572e-9, 6.088862646070524e-9, 8.224207707915523e-11, -1.2256892564689882e-9, 6.0888629777842855e-9, 3.905317936342227e-11, -1.2256892564689882e-9, 6.088862633538565e-9, 2.0394975678008026e-8, -1.1216162114239154, -0.6863136748528591, -0.1752925492237116, -3.4796180203045368e-9, -0.1253854332922562, -0.03692651948412953, -0.06377802813600156, -0.07357580324181034, -56.639104067562236, -92.81181311674543, 107.2703385534267, 2.1358608325260775, 5.697254087097168, -11.316897092471244, -0.2482031509425786, -0.5616790026479486, 0.8776328601910923, 0.12522122900244242, 0.24426797497548647, -0.324009694335987, 0.41699801171369955, 0.6414007878551531, -0.7142407609099461, -0.02704888108614743, -0.12239159338912782, 0.9182569051079779, -3.856779552850803e-9]
aff_rhs ./ comb_rhs = [1.2367742903131154, 1.2367742903131151, 1.2367742903131154, 1.2367742903131151, 1.2367742903131151, 1.2367742903131151, 1.2367742903131151, 1.2367742903131154, 1.2367742903131151, 1.2367742903131151, 1.2367742903131154, 1.2367742903131154, 1.2367742903131151, 1.2367742903131151, 1.2367742903131154, 1.2367742903131151, 1.2367742903131154, 1.2367742903131151, 1.2367742903131154, 1.2367742903131151, 1.2367742903131151, 1.2367742903131154, 1.2367742903131151, 1.2367742903131151, 1.2367742903131154, 1.2367742903131151, 1.2367742903131154, 1.2367742903131154, 1.2367742903131151, 1.2367742903131154, 1.2367742903131154, 1.2367742903131151, 1.2367742903131151, 1.2367742903131154, 1.2367742903131154, 1.2367742903131151, 1.2367742903131154, 1.2367742903131151, 1.2367742903131151, 1.2367742903131154, 1.2367742903131151, 1.2367742903131154, 1.2375791060756307, 1.2211320260504859, 1.2383761338868595, 1.2468210422550845, 1.2422241410651005, 1.2150836147316681, 1.2233029922249326, 1.2360212503487478, -0.012942151294093015, -0.012940898197475653, -0.012940098560969853, 0.1227676069451456, 0.12272584110104828, 0.1226563040082016, -1.5826228861447442, -1.5821830247682525, -1.5816280843819954, 2.586576739972852, 2.5865826261443265, 2.5865882032181533, 1.1738418959456434, 1.1735449266808462, 1.1733853053263552, -0.9130013243882047, -0.9129317524178976, -0.9126853397930936, 1.2433308808012176]
dot(comb_rhs, aff_rhs) = -280.2837730172726
(dot(comb_rhs, aff_rhs) / norm(aff_rhs)) / norm(comb_rhs) = -0.46577862952787635
norm(aff_rhs) = 3.9254794970662235
norm(comb_rhs) = 153.29418577250547

status is NumericalFailure after 9 iterations and 1.133 seconds

took 1.133189828 seconds
