
instance rsyn0805m
ran at: 2020-05-12T18:24:41.741
with solver: hypatia, system solver: qrchol_dense
number type : Float64


reading instance and constructing model...
took 1.385692139 seconds
building model...
took 10.144899793 seconds

solving model...

 iter        p_obj        d_obj   abs_gap   rel_gap    x_feas    y_feas    z_feas       tau       kap        mu     gamma     alpha
    0  -8.4144e+02  -1.0143e+04  4.64e+02  5.51e-01  1.90e+02  0.00e+00  2.49e-01  1.00e+00  1.00e+00  1.00e+00
    1  -8.9499e+02  -1.0136e+04  2.31e+02  2.58e-01  1.89e+02  0.00e+00  2.47e-01  5.00e-01  9.93e-01  4.97e-01  8.95e-02  5.53e-01
    2  -1.2651e+03  -1.0327e+04  1.77e+02  1.40e-01  1.85e+02  0.00e+00  2.42e-01  3.91e-01  9.71e-01  3.81e-01  2.34e-01  3.05e-01
    3  -1.4262e+03  -9.4728e+03  4.99e+01  3.50e-02  1.65e+02  0.00e+00  2.15e-01  1.24e-01  9.06e-01  1.08e-01  1.14e-01  8.10e-01
    4  -1.6215e+03  -5.9242e+03  1.01e+01  6.20e-03  8.82e+01  0.00e+00  1.15e-01  4.68e-02  6.29e-01  2.17e-02  4.32e-02  8.34e-01
    5  -1.8558e+03  -4.5677e+03  5.82e+00  3.14e-03  5.56e+01  0.00e+00  7.27e-02  4.29e-02  3.34e-01  1.25e-02  1.73e-01  5.10e-01
    6  -1.9564e+03  -3.5531e+03  3.25e+00  1.66e-03  3.27e+01  0.00e+00  4.28e-02  4.06e-02  1.77e-01  7.00e-03  1.50e-01  5.20e-01
    7  -2.0670e+03  -2.6404e+03  1.12e+00  5.41e-04  1.18e+01  0.00e+00  1.54e-02  3.90e-02  5.90e-02  2.41e-03  5.88e-02  6.96e-01
    8  -2.0931e+03  -2.2560e+03  3.13e-01  1.50e-04  3.34e+00  0.00e+00  4.37e-03  3.84e-02  1.66e-02  6.75e-04  1.46e-01  8.43e-01
    9  -2.1083e+03  -2.1461e+03  7.24e-02  3.43e-05  7.75e-01  0.00e+00  1.01e-03  3.83e-02  3.86e-03  1.56e-04  4.09e-02  8.02e-01
   10  -2.1097e+03  -2.1255e+03  3.01e-02  1.43e-05  3.22e-01  0.00e+00  4.22e-04  3.83e-02  1.63e-03  6.49e-05  1.78e-01  7.10e-01
   11  -2.1109e+03  -2.1126e+03  3.33e-03  1.58e-06  3.56e-02  0.00e+00  4.66e-05  3.83e-02  1.82e-04  7.17e-06  2.61e-02  9.13e-01
   12  -2.1110e+03  -2.1112e+03  4.52e-04  2.14e-07  4.84e-03  0.00e+00  6.33e-06  3.83e-02  2.54e-05  9.75e-07  1.36e-01  1.00e+00
   13  -2.1110e+03  -2.1110e+03  4.57e-06  2.16e-09  4.88e-05  0.00e+00  6.39e-08  3.83e-02  2.57e-07  9.85e-09  1.03e-06  9.90e-01
   14  -2.1110e+03  -2.1110e+03  4.61e-08  2.19e-11  4.93e-07  0.00e+00  6.46e-10  3.83e-02  2.59e-09  9.94e-11  1.03e-06  9.90e-01
   15  -2.1110e+03  -2.1110e+03  6.10e-09  2.89e-12  1.33e-06  0.00e+00  8.56e-11  3.83e-02  3.44e-10  1.32e-11  1.47e-03  8.69e-01
   16  -2.1110e+03  -2.1110e+03  6.18e-09  2.93e-12  2.07e-05  0.00e+00  8.54e-11  3.83e-02  3.43e-10  1.33e-11  1.47e-01  3.03e-03
   17  -2.1110e+03  -2.1110e+03  5.38e-09  2.55e-12  2.11e-05  0.00e+00  7.42e-11  3.83e-02  2.98e-10  1.16e-11  1.47e-03  1.31e-01
   18  -2.1110e+03  -2.1110e+03  2.94e-09  1.39e-12  1.90e-05  0.00e+00  4.07e-11  3.83e-02  1.63e-10  6.34e-12  2.08e-02  4.61e-01
   19  -2.1110e+03  -2.1110e+03  2.54e-09  1.20e-12  1.63e-05  0.00e+00  3.52e-11  3.83e-02  1.42e-10  5.47e-12  1.29e-01  1.54e-01
   20  -2.1110e+03  -2.1110e+03  2.39e-09  1.13e-12  1.59e-05  0.00e+00  3.40e-11  3.83e-02  1.37e-10  5.15e-12  1.57e-01  4.05e-02

status is NumericalFailure after 20 iterations and 11.545 seconds

took 15.744315485 seconds
┌ Warning: very small alpha
└ @ Hypatia.Solvers ~/.julia/dev/Hypatia/src/Solvers/stepper.jl:211
┌ Warning: Hypatia status NumericalFailure not handled
└ @ Hypatia ~/.julia/dev/Hypatia/src/MathOptInterface/wrapper.jl:530


instance rsyn0805m
ran at: 2020-05-12T21:30:44.123
with solver: hypatia, system solver: qrchol_dense
number type : BigFloat


reading instance and constructing model...
took 1.386377579 seconds
building model...
took 10.141400179 seconds

solving model...

 iter        p_obj        d_obj   abs_gap   rel_gap    x_feas    y_feas    z_feas       tau       kap        mu     gamma     alpha
    0  -8.4144e+02  -1.0143e+04  4.64e+02  5.51e-01  1.90e+02  0.00e+00  2.49e-01  1.00e+00  1.00e+00  1.00e+00
    1  -8.9499e+02  -1.0136e+04  2.31e+02  2.58e-01  1.89e+02  0.00e+00  2.47e-01  5.00e-01  9.93e-01  4.97e-01  8.95e-02  5.53e-01
    2  -1.2651e+03  -1.0327e+04  1.77e+02  1.40e-01  1.85e+02  0.00e+00  2.42e-01  3.91e-01  9.71e-01  3.81e-01  2.34e-01  3.05e-01
    3  -1.4262e+03  -9.4728e+03  4.99e+01  3.50e-02  1.65e+02  0.00e+00  2.15e-01  1.24e-01  9.06e-01  1.08e-01  1.14e-01  8.10e-01
    4  -1.6215e+03  -5.9242e+03  1.01e+01  6.20e-03  8.82e+01  0.00e+00  1.15e-01  4.68e-02  6.29e-01  2.17e-02  4.32e-02  8.34e-01
    5  -1.8558e+03  -4.5677e+03  5.82e+00  3.14e-03  5.56e+01  0.00e+00  7.27e-02  4.29e-02  3.34e-01  1.25e-02  1.73e-01  5.10e-01
    6  -1.9564e+03  -3.5531e+03  3.25e+00  1.66e-03  3.27e+01  0.00e+00  4.28e-02  4.06e-02  1.77e-01  7.00e-03  1.50e-01  5.20e-01
    7  -2.0670e+03  -2.6404e+03  1.12e+00  5.41e-04  1.18e+01  0.00e+00  1.54e-02  3.90e-02  5.90e-02  2.41e-03  5.88e-02  6.96e-01
    8  -2.0931e+03  -2.2560e+03  3.13e-01  1.50e-04  3.34e+00  0.00e+00  4.37e-03  3.84e-02  1.66e-02  6.75e-04  1.46e-01  8.43e-01
    9  -2.1083e+03  -2.1461e+03  7.24e-02  3.43e-05  7.75e-01  0.00e+00  1.01e-03  3.83e-02  3.86e-03  1.56e-04  4.09e-02  8.02e-01
   10  -2.1097e+03  -2.1255e+03  3.01e-02  1.43e-05  3.22e-01  0.00e+00  4.22e-04  3.83e-02  1.63e-03  6.49e-05  1.78e-01  7.10e-01
   11  -2.1109e+03  -2.1126e+03  3.33e-03  1.58e-06  3.56e-02  0.00e+00  4.66e-05  3.83e-02  1.82e-04  7.17e-06  2.61e-02  9.13e-01
   12  -2.1110e+03  -2.1112e+03  4.52e-04  2.14e-07  4.84e-03  0.00e+00  6.33e-06  3.83e-02  2.54e-05  9.75e-07  1.36e-01  1.00e+00
   13  -2.1110e+03  -2.1110e+03  4.57e-06  2.16e-09  4.88e-05  0.00e+00  6.39e-08  3.83e-02  2.57e-07  9.85e-09  1.03e-06  9.90e-01
   14  -2.1110e+03  -2.1110e+03  4.61e-08  2.19e-11  4.93e-07  0.00e+00  6.46e-10  3.83e-02  2.59e-09  9.94e-11  1.03e-06  9.90e-01
   15  -2.1110e+03  -2.1110e+03  9.28e-10  4.40e-13  9.92e-09  0.00e+00  1.30e-11  3.83e-02  5.21e-11  2.00e-12  1.18e-04  9.80e-01
optimal solution found; terminating

status is Optimal after 15 iterations and 46.239 seconds

took 51.768172243 seconds


instance rsyn0805m
ran at: 2020-05-12T22:51:21.551
with solver: hypatia, system solver: qrchol_dense
number type : BigFloat


reading instance and constructing model...
took 1.353950982 seconds
building model...
took 10.143134127 seconds

solving model...

 iter        p_obj        d_obj   abs_gap   rel_gap    x_feas    y_feas    z_feas       tau       kap        mu     gamma     alpha
    0  -8.4144e+02  -1.0143e+04  4.64e+02  5.51e-01  1.90e+02  0.00e+00  2.49e-01  1.00e+00  1.00e+00  1.00e+00
    1  -8.9499e+02  -1.0136e+04  2.31e+02  2.58e-01  1.89e+02  0.00e+00  2.47e-01  5.00e-01  9.93e-01  4.97e-01  8.95e-02  5.53e-01
    2  -1.2651e+03  -1.0327e+04  1.77e+02  1.40e-01  1.85e+02  0.00e+00  2.42e-01  3.91e-01  9.71e-01  3.81e-01  2.34e-01  3.05e-01
    3  -1.4262e+03  -9.4728e+03  4.99e+01  3.50e-02  1.65e+02  0.00e+00  2.15e-01  1.24e-01  9.06e-01  1.08e-01  1.14e-01  8.10e-01
    4  -1.6215e+03  -5.9242e+03  1.01e+01  6.20e-03  8.82e+01  0.00e+00  1.15e-01  4.68e-02  6.29e-01  2.17e-02  4.32e-02  8.34e-01
    5  -1.8558e+03  -4.5677e+03  5.82e+00  3.14e-03  5.56e+01  0.00e+00  7.27e-02  4.29e-02  3.34e-01  1.25e-02  1.73e-01  5.10e-01
    6  -1.9564e+03  -3.5531e+03  3.25e+00  1.66e-03  3.27e+01  0.00e+00  4.28e-02  4.06e-02  1.77e-01  7.00e-03  1.50e-01  5.20e-01
    7  -2.0670e+03  -2.6404e+03  1.12e+00  5.41e-04  1.18e+01  0.00e+00  1.54e-02  3.90e-02  5.90e-02  2.41e-03  5.88e-02  6.96e-01
    8  -2.0931e+03  -2.2560e+03  3.13e-01  1.50e-04  3.34e+00  0.00e+00  4.37e-03  3.84e-02  1.66e-02  6.75e-04  1.46e-01  8.43e-01
    9  -2.1083e+03  -2.1461e+03  7.24e-02  3.43e-05  7.75e-01  0.00e+00  1.01e-03  3.83e-02  3.86e-03  1.56e-04  4.09e-02  8.02e-01
   10  -2.1097e+03  -2.1255e+03  3.01e-02  1.43e-05  3.22e-01  0.00e+00  4.22e-04  3.83e-02  1.63e-03  6.49e-05  1.78e-01  7.10e-01
   11  -2.1109e+03  -2.1126e+03  3.33e-03  1.58e-06  3.56e-02  0.00e+00  4.66e-05  3.83e-02  1.82e-04  7.17e-06  2.61e-02  9.13e-01
   12  -2.1110e+03  -2.1112e+03  4.52e-04  2.14e-07  4.84e-03  0.00e+00  6.33e-06  3.83e-02  2.54e-05  9.75e-07  1.36e-01  1.00e+00
   13  -2.1110e+03  -2.1110e+03  4.57e-06  2.16e-09  4.88e-05  0.00e+00  6.39e-08  3.83e-02  2.57e-07  9.85e-09  1.03e-06  9.90e-01
   14  -2.1110e+03  -2.1110e+03  4.61e-08  2.19e-11  4.93e-07  0.00e+00  6.46e-10  3.83e-02  2.59e-09  9.94e-11  1.03e-06  9.90e-01
   15  -2.1110e+03  -2.1110e+03  9.28e-10  4.40e-13  9.92e-09  0.00e+00  1.30e-11  3.83e-02  5.21e-11  2.00e-12  1.18e-04  9.80e-01
optimal solution found; terminating

status is Optimal after 15 iterations and 46.724 seconds

took 52.279139244 seconds


instance rsyn0805m
ran at: 2020-05-13T00:27:29.768
with solver: hypatia, system solver: qrchol_dense
number type : BigFloat


reading instance and constructing model...
took 1.351332299 seconds
building model...
took 10.136818592 seconds

solving model...

 iter        p_obj        d_obj   abs_gap   rel_gap    x_feas    y_feas    z_feas       tau       kap        mu     gamma     alpha
    0  -8.4144e+02  -1.0143e+04  4.64e+02  5.51e-01  1.90e+02  0.00e+00  2.49e-01  1.00e+00  1.00e+00  1.00e+00
    1  -8.9499e+02  -1.0136e+04  2.31e+02  2.58e-01  1.89e+02  0.00e+00  2.47e-01  5.00e-01  9.93e-01  4.97e-01  8.95e-02  5.53e-01
    2  -1.2651e+03  -1.0327e+04  1.77e+02  1.40e-01  1.85e+02  0.00e+00  2.42e-01  3.91e-01  9.71e-01  3.81e-01  2.34e-01  3.05e-01
    3  -1.4262e+03  -9.4728e+03  4.99e+01  3.50e-02  1.65e+02  0.00e+00  2.15e-01  1.24e-01  9.06e-01  1.08e-01  1.14e-01  8.10e-01
    4  -1.6215e+03  -5.9242e+03  1.01e+01  6.20e-03  8.82e+01  0.00e+00  1.15e-01  4.68e-02  6.29e-01  2.17e-02  4.32e-02  8.34e-01
    5  -1.8558e+03  -4.5677e+03  5.82e+00  3.14e-03  5.56e+01  0.00e+00  7.27e-02  4.29e-02  3.34e-01  1.25e-02  1.73e-01  5.10e-01
    6  -1.9564e+03  -3.5531e+03  3.25e+00  1.66e-03  3.27e+01  0.00e+00  4.28e-02  4.06e-02  1.77e-01  7.00e-03  1.50e-01  5.20e-01
    7  -2.0670e+03  -2.6404e+03  1.12e+00  5.41e-04  1.18e+01  0.00e+00  1.54e-02  3.90e-02  5.90e-02  2.41e-03  5.88e-02  6.96e-01
    8  -2.0931e+03  -2.2560e+03  3.13e-01  1.50e-04  3.34e+00  0.00e+00  4.37e-03  3.84e-02  1.66e-02  6.75e-04  1.46e-01  8.43e-01
    9  -2.1083e+03  -2.1461e+03  7.24e-02  3.43e-05  7.75e-01  0.00e+00  1.01e-03  3.83e-02  3.86e-03  1.56e-04  4.09e-02  8.02e-01
   10  -2.1097e+03  -2.1255e+03  3.01e-02  1.43e-05  3.22e-01  0.00e+00  4.22e-04  3.83e-02  1.63e-03  6.49e-05  1.78e-01  7.10e-01
   11  -2.1109e+03  -2.1126e+03  3.33e-03  1.58e-06  3.56e-02  0.00e+00  4.66e-05  3.83e-02  1.82e-04  7.17e-06  2.61e-02  9.13e-01
   12  -2.1110e+03  -2.1112e+03  4.52e-04  2.14e-07  4.84e-03  0.00e+00  6.33e-06  3.83e-02  2.54e-05  9.75e-07  1.36e-01  1.00e+00
   13  -2.1110e+03  -2.1110e+03  4.57e-06  2.16e-09  4.88e-05  0.00e+00  6.39e-08  3.83e-02  2.57e-07  9.85e-09  1.03e-06  9.90e-01
   14  -2.1110e+03  -2.1110e+03  4.61e-08  2.19e-11  4.93e-07  0.00e+00  6.46e-10  3.83e-02  2.59e-09  9.94e-11  1.03e-06  9.90e-01
   15  -2.1110e+03  -2.1110e+03  9.28e-10  4.40e-13  9.92e-09  0.00e+00  1.30e-11  3.83e-02  5.21e-11  2.00e-12  1.18e-04  9.80e-01
optimal solution found; terminating

status is Optimal after 15 iterations and 50.377 seconds

took 55.908321582 seconds


instance rsyn0805m
ran at: 2020-05-14T10:47:19.518
with solver: hypatia, system solver: qrchol_dense


reading instance and constructing model...
took 1.35131452 seconds
building model...
took 10.167707741 seconds

solving model...

 iter        p_obj        d_obj   abs_gap   rel_gap    x_feas    y_feas    z_feas       tau       kap        mu     gamma     alpha
    0  -8.4144e+02  -1.0143e+04  4.64e+02  5.51e-01  1.90e+02  0.00e+00  2.49e-01  1.00e+00  1.00e+00  1.00e+00
    1  -8.9290e+02  -1.0136e+04  2.35e+02  2.63e-01  1.89e+02  0.00e+00  2.47e-01  5.10e-01  9.93e-01  5.07e-01  8.95e-02  5.42e-01
    2  -1.2325e+03  -1.0346e+04  2.00e+02  1.62e-01  1.86e+02  0.00e+00  2.44e-01  4.40e-01  9.77e-01  4.31e-01  2.30e-01  1.94e-01
    3  -1.3196e+03  -9.9448e+03  8.50e+01  6.44e-02  1.76e+02  0.00e+00  2.31e-01  1.98e-01  9.33e-01  1.83e-01  9.63e-02  6.36e-01
    4  -1.5555e+03  -7.7462e+03  2.05e+01  1.32e-02  1.27e+02  0.00e+00  1.66e-01  6.62e-02  7.75e-01  4.41e-02  4.32e-02  7.94e-01
    5  -1.7334e+03  -5.4819e+03  8.84e+00  5.10e-03  7.68e+01  0.00e+00  1.00e-01  4.72e-02  4.36e-01  1.91e-02  7.05e-02  6.11e-01
    6  -1.9704e+03  -3.7584e+03  3.69e+00  1.88e-03  3.66e+01  0.00e+00  4.79e-02  4.13e-02  1.74e-01  7.96e-03  1.47e-01  6.82e-01
    7  -2.0621e+03  -2.7560e+03  1.37e+00  6.63e-04  1.42e+01  0.00e+00  1.86e-02  3.94e-02  6.30e-02  2.94e-03  1.39e-01  7.32e-01
    8  -2.0929e+03  -2.2984e+03  3.96e-01  1.89e-04  4.21e+00  0.00e+00  5.51e-03  3.86e-02  1.89e-02  8.54e-04  9.63e-02  7.86e-01
    9  -2.1073e+03  -2.1578e+03  9.68e-02  4.59e-05  1.03e+00  0.00e+00  1.35e-03  3.83e-02  4.96e-03  2.09e-04  1.30e-01  8.69e-01
   10  -2.1100e+03  -2.1222e+03  2.33e-02  1.10e-05  2.49e-01  0.00e+00  3.26e-04  3.83e-02  1.25e-03  5.02e-05  1.35e-01  8.77e-01
   11  -2.1109e+03  -2.1128e+03  3.64e-03  1.73e-06  3.90e-02  0.00e+00  5.10e-05  3.83e-02  1.98e-04  7.85e-06  4.82e-02  8.86e-01
   12  -2.1110e+03  -2.1113e+03  6.34e-04  3.00e-07  6.77e-03  0.00e+00  8.86e-06  3.83e-02  3.52e-05  1.37e-06  1.31e-01  9.51e-01
   13  -2.1110e+03  -2.1110e+03  6.40e-06  3.03e-09  6.84e-05  0.00e+00  8.95e-08  3.83e-02  3.56e-07  1.38e-08  8.02e-06  9.90e-01
   14  -2.1110e+03  -2.1110e+03  6.46e-08  3.06e-11  7.14e-07  0.00e+00  9.29e-10  3.84e-02  3.60e-09  1.39e-10  1.03e-06  9.90e-01
   15  -2.1110e+03  -2.1110e+03  7.62e-09  3.61e-12  2.86e-07  0.00e+00  1.08e-10  3.84e-02  4.18e-10  1.64e-11  2.75e-03  8.86e-01
   16  -2.1110e+03  -2.1110e+03  4.95e-09  2.34e-12  1.90e-07  0.00e+00  7.05e-11  3.84e-02  2.74e-10  1.07e-11  1.52e-01  4.09e-01
   17  -2.1110e+03  -2.1110e+03  4.19e-09  1.99e-12  1.35e-06  0.00e+00  5.52e-11  3.84e-02  2.15e-10  9.03e-12  2.40e-01  2.85e-01
   18  -2.1110e+03  -2.1110e+03  6.05e-10  2.86e-13  1.81e-07  0.00e+00  7.25e-12  3.84e-02  2.82e-11  1.30e-12  8.00e-06  8.69e-01
   19  -2.1110e+03  -2.1110e+03  1.10e-10  5.23e-14  1.63e-08  0.00e+00  6.74e-13  3.84e-02  3.16e-12  2.38e-13  9.29e-02  1.00e+00
   20  -2.1110e+03  -2.1110e+03  6.11e-11  2.89e-14  3.66e-06  0.00e+00  5.86e-13  3.84e-02  2.75e-12  1.32e-13  4.54e-03  1.31e-01

status is NumericalFailure after 20 iterations and 11.771 seconds

took 15.730973123 seconds
┌ Warning: switching Hessian cache from Cholesky to Bunch Kaufman
└ @ Hypatia.Cones ~/.julia/dev/Hypatia/src/Cones/Cones.jl:94
┌ Warning: switching Hessian cache from Cholesky to Bunch Kaufman
└ @ Hypatia.Cones ~/.julia/dev/Hypatia/src/Cones/Cones.jl:94
┌ Warning: very small alpha
└ @ Hypatia.Solvers ~/.julia/dev/Hypatia/src/Solvers/stepper.jl:211
┌ Warning: Hypatia status NumericalFailure not handled
└ @ Hypatia ~/.julia/dev/Hypatia/src/MathOptInterface/wrapper.jl:530


instance rsyn0805m
ran at: 2020-05-14T11:46:08.095
with solver: hypatia, system solver: qrchol_dense


reading instance and constructing model...
took 1.35192532 seconds
building model...
took 10.215256132 seconds

solving model...

 iter        p_obj        d_obj   abs_gap   rel_gap    x_feas    y_feas    z_feas       tau       kap        mu     gamma     alpha
    0  -8.4144e+02  -1.0143e+04  4.64e+02  5.51e-01  1.90e+02  0.00e+00  2.49e-01  1.00e+00  1.00e+00  1.00e+00
    1  -8.9290e+02  -1.0136e+04  2.35e+02  2.63e-01  1.89e+02  0.00e+00  2.47e-01  5.10e-01  9.93e-01  5.07e-01  8.95e-02  5.42e-01
    2  -1.2325e+03  -1.0346e+04  2.00e+02  1.62e-01  1.86e+02  0.00e+00  2.44e-01  4.40e-01  9.77e-01  4.31e-01  2.30e-01  1.94e-01
    3  -1.3196e+03  -9.9448e+03  8.50e+01  6.44e-02  1.76e+02  0.00e+00  2.31e-01  1.98e-01  9.33e-01  1.83e-01  9.63e-02  6.36e-01
    4  -1.5555e+03  -7.7462e+03  2.05e+01  1.32e-02  1.27e+02  0.00e+00  1.66e-01  6.62e-02  7.75e-01  4.41e-02  4.32e-02  7.94e-01
    5  -1.7334e+03  -5.4819e+03  8.84e+00  5.10e-03  7.68e+01  0.00e+00  1.00e-01  4.72e-02  4.36e-01  1.91e-02  7.05e-02  6.11e-01
    6  -1.9704e+03  -3.7584e+03  3.69e+00  1.88e-03  3.66e+01  0.00e+00  4.79e-02  4.13e-02  1.74e-01  7.96e-03  1.47e-01  6.82e-01
    7  -2.0621e+03  -2.7560e+03  1.37e+00  6.63e-04  1.42e+01  0.00e+00  1.86e-02  3.94e-02  6.30e-02  2.94e-03  1.39e-01  7.32e-01
    8  -2.0929e+03  -2.2984e+03  3.96e-01  1.89e-04  4.21e+00  0.00e+00  5.51e-03  3.86e-02  1.89e-02  8.54e-04  9.63e-02  7.86e-01
    9  -2.1073e+03  -2.1578e+03  9.68e-02  4.59e-05  1.03e+00  0.00e+00  1.35e-03  3.83e-02  4.96e-03  2.09e-04  1.30e-01  8.69e-01
   10  -2.1100e+03  -2.1222e+03  2.33e-02  1.10e-05  2.49e-01  0.00e+00  3.26e-04  3.83e-02  1.25e-03  5.02e-05  1.35e-01  8.77e-01
   11  -2.1109e+03  -2.1128e+03  3.64e-03  1.73e-06  3.90e-02  0.00e+00  5.10e-05  3.83e-02  1.98e-04  7.85e-06  4.82e-02  8.86e-01
   12  -2.1110e+03  -2.1113e+03  6.34e-04  3.00e-07  6.77e-03  0.00e+00  8.86e-06  3.83e-02  3.52e-05  1.37e-06  1.31e-01  9.51e-01
   13  -2.1110e+03  -2.1110e+03  6.40e-06  3.03e-09  6.84e-05  0.00e+00  8.95e-08  3.83e-02  3.56e-07  1.38e-08  8.02e-06  9.90e-01
   14  -2.1110e+03  -2.1110e+03  1.37e-06  6.47e-10  1.46e-05  0.00e+00  1.91e-08  3.83e-02  7.61e-08  2.94e-09  8.80e-03  7.94e-01
   15  -2.1110e+03  -2.1110e+03  2.56e-07  1.21e-10  2.75e-06  0.00e+00  3.59e-09  3.83e-02  1.43e-08  5.53e-10  6.91e-03  8.18e-01
   16  -2.1110e+03  -2.1110e+03  4.47e-08  2.12e-11  4.77e-07  0.00e+00  5.95e-10  3.83e-02  2.37e-09  9.63e-11  1.03e-06  8.34e-01
   17  -2.1110e+03  -2.1110e+03  3.85e-08  1.83e-11  4.43e-07  0.00e+00  5.15e-10  3.83e-02  2.05e-09  8.30e-11  1.95e-01  1.67e-01
   18  -2.1110e+03  -2.1110e+03  7.22e-09  3.42e-12  1.01e-06  0.00e+00  7.77e-11  3.83e-02  3.27e-10  1.56e-11  1.51e-01  1.00e+00
   19  -2.1110e+03  -2.1110e+03  7.57e-09  3.59e-12  9.96e-07  0.00e+00  7.30e-11  3.83e-02  3.08e-10  1.63e-11  1.59e-01  7.18e-02

status is NumericalFailure after 19 iterations and 9.91 seconds

took 14.027879929 seconds
┌ Warning: switching Hessian cache from Cholesky to Bunch Kaufman
└ @ Hypatia.Cones ~/.julia/dev/Hypatia/src/Cones/Cones.jl:94
┌ Warning: switching Hessian cache from Cholesky to Bunch Kaufman
└ @ Hypatia.Cones ~/.julia/dev/Hypatia/src/Cones/Cones.jl:94
┌ Warning: very small alpha
└ @ Hypatia.Solvers ~/.julia/dev/Hypatia/src/Solvers/stepper.jl:211
┌ Warning: Hypatia status NumericalFailure not handled
└ @ Hypatia ~/.julia/dev/Hypatia/src/MathOptInterface/wrapper.jl:530

