
instance rsyn0815m
ran at: 2020-05-12T18:32:32.653
with solver: hypatia, system solver: qrchol_dense
number type : Float64


reading instance and constructing model...
took 1.383225965 seconds
building model...
took 10.122617596 seconds

solving model...

 iter        p_obj        d_obj   abs_gap   rel_gap    x_feas    y_feas    z_feas       tau       kap        mu     gamma     alpha
    0   4.0748e+02  -1.0197e+04  5.90e+02       NaN  1.91e+02  0.00e+00  2.49e-01  1.00e+00  1.00e+00  1.00e+00
    1   4.4093e+02  -1.0098e+04  2.95e+02       NaN  1.90e+02  0.00e+00  2.47e-01  5.04e-01  9.93e-01  5.00e-01  1.40e-01  5.81e-01
    2  -3.9343e+02  -1.0745e+04  2.29e+02  5.82e-01  1.86e+02  0.00e+00  2.43e-01  3.97e-01  9.73e-01  3.88e-01  2.33e-01  2.93e-01
    3  -6.6306e+02  -1.0286e+04  8.70e+01  1.31e-01  1.73e+02  0.00e+00  2.26e-01  1.63e-01  9.21e-01  1.48e-01  8.30e-02  6.76e-01
    4  -1.4867e+03  -7.6001e+03  1.88e+01  1.26e-02  1.10e+02  0.00e+00  1.44e-01  5.51e-02  7.20e-01  3.18e-02  4.09e-02  8.18e-01
    5  -1.7868e+03  -6.0650e+03  1.16e+01  6.51e-03  7.72e+01  0.00e+00  1.01e-01  4.88e-02  4.36e-01  1.97e-02  1.77e-01  4.61e-01
    6  -2.2863e+03  -4.1742e+03  4.61e+00  2.02e-03  3.41e+01  0.00e+00  4.44e-02  4.38e-02  1.57e-01  7.81e-03  1.50e-01  7.10e-01
    7  -2.4616e+03  -3.2482e+03  1.85e+00  7.51e-04  1.42e+01  0.00e+00  1.85e-02  4.22e-02  6.23e-02  3.13e-03  1.31e-01  6.89e-01
    8  -2.5522e+03  -2.8097e+03  5.98e-01  2.34e-04  4.64e+00  0.00e+00  6.05e-03  4.16e-02  2.08e-02  1.01e-03  1.03e-01  7.55e-01
    9  -2.5771e+03  -2.6442e+03  1.55e-01  6.00e-05  1.21e+00  0.00e+00  1.58e-03  4.14e-02  5.84e-03  2.62e-04  1.47e-01  8.69e-01
   10  -2.5836e+03  -2.5963e+03  2.95e-02  1.14e-05  2.31e-01  0.00e+00  3.00e-04  4.14e-02  1.18e-03  5.00e-05  1.40e-01  9.41e-01
   11  -2.5847e+03  -2.5887e+03  9.19e-03  3.56e-06  7.18e-02  0.00e+00  9.35e-05  4.14e-02  3.69e-04  1.56e-05  1.32e-01  7.94e-01
   12  -2.5851e+03  -2.5854e+03  7.25e-04  2.80e-07  5.66e-03  0.00e+00  7.37e-06  4.15e-02  2.93e-05  1.23e-06  4.09e-02  9.60e-01
   13  -2.5851e+03  -2.5852e+03  4.35e-05  1.68e-08  3.39e-04  0.00e+00  4.42e-07  4.15e-02  1.76e-06  7.37e-08  1.47e-03  9.41e-01
   14  -2.5851e+03  -2.5851e+03  3.37e-06  1.31e-09  2.63e-05  0.00e+00  3.43e-08  4.15e-02  1.37e-07  5.72e-09  3.00e-02  9.51e-01
   15  -2.5851e+03  -2.5851e+03  1.04e-07  4.01e-11  8.09e-07  0.00e+00  1.05e-09  4.15e-02  4.22e-09  1.76e-10  2.08e-02  9.90e-01
   16  -2.5851e+03  -2.5851e+03  2.84e-08  1.10e-11  2.77e-06  0.00e+00  2.87e-10  4.15e-02  1.15e-09  4.81e-11  6.05e-03  7.32e-01

status is NumericalFailure after 16 iterations and 11.723 seconds

took 15.922830886 seconds
┌ Warning: very small alpha
└ @ Hypatia.Solvers ~/.julia/dev/Hypatia/src/Solvers/stepper.jl:211
┌ Warning: Hypatia status NumericalFailure not handled
└ @ Hypatia ~/.julia/dev/Hypatia/src/MathOptInterface/wrapper.jl:530


instance rsyn0815m
ran at: 2020-05-12T21:48:18.601
with solver: hypatia, system solver: qrchol_dense
number type : BigFloat


reading instance and constructing model...
took 1.392500082 seconds
building model...
took 10.279574355 seconds

solving model...

 iter        p_obj        d_obj   abs_gap   rel_gap    x_feas    y_feas    z_feas       tau       kap        mu     gamma     alpha
    0   4.0748e+02  -1.0197e+04  5.90e+02       NaN  1.91e+02  0.00e+00  2.49e-01  1.00e+00  1.00e+00  1.00e+00
    1   4.4093e+02  -1.0098e+04  2.95e+02       NaN  1.90e+02  0.00e+00  2.47e-01  5.04e-01  9.93e-01  5.00e-01  1.40e-01  5.81e-01
    2  -3.9343e+02  -1.0745e+04  2.29e+02  5.82e-01  1.86e+02  0.00e+00  2.43e-01  3.97e-01  9.73e-01  3.88e-01  2.33e-01  2.93e-01
    3  -6.6306e+02  -1.0286e+04  8.70e+01  1.31e-01  1.73e+02  0.00e+00  2.26e-01  1.63e-01  9.21e-01  1.48e-01  8.30e-02  6.76e-01
    4  -1.4867e+03  -7.6001e+03  1.88e+01  1.26e-02  1.10e+02  0.00e+00  1.44e-01  5.51e-02  7.20e-01  3.18e-02  4.09e-02  8.18e-01
    5  -1.7868e+03  -6.0650e+03  1.16e+01  6.51e-03  7.72e+01  0.00e+00  1.01e-01  4.88e-02  4.36e-01  1.97e-02  1.77e-01  4.61e-01
    6  -2.2863e+03  -4.1742e+03  4.61e+00  2.02e-03  3.41e+01  0.00e+00  4.44e-02  4.38e-02  1.57e-01  7.81e-03  1.50e-01  7.10e-01
    7  -2.4616e+03  -3.2482e+03  1.85e+00  7.51e-04  1.42e+01  0.00e+00  1.85e-02  4.22e-02  6.23e-02  3.13e-03  1.31e-01  6.89e-01
    8  -2.5522e+03  -2.8097e+03  5.98e-01  2.34e-04  4.64e+00  0.00e+00  6.05e-03  4.16e-02  2.08e-02  1.01e-03  1.03e-01  7.55e-01
    9  -2.5771e+03  -2.6442e+03  1.55e-01  6.00e-05  1.21e+00  0.00e+00  1.58e-03  4.14e-02  5.84e-03  2.62e-04  1.47e-01  8.69e-01
   10  -2.5836e+03  -2.5963e+03  2.95e-02  1.14e-05  2.31e-01  0.00e+00  3.00e-04  4.14e-02  1.18e-03  5.00e-05  1.40e-01  9.41e-01
   11  -2.5847e+03  -2.5887e+03  9.19e-03  3.56e-06  7.18e-02  0.00e+00  9.35e-05  4.14e-02  3.69e-04  1.56e-05  1.32e-01  7.94e-01
   12  -2.5851e+03  -2.5854e+03  7.25e-04  2.80e-07  5.66e-03  0.00e+00  7.37e-06  4.15e-02  2.93e-05  1.23e-06  4.09e-02  9.60e-01
   13  -2.5851e+03  -2.5852e+03  4.35e-05  1.68e-08  3.39e-04  0.00e+00  4.42e-07  4.15e-02  1.76e-06  7.37e-08  1.47e-03  9.41e-01
   14  -2.5851e+03  -2.5851e+03  3.37e-06  1.31e-09  2.63e-05  0.00e+00  3.43e-08  4.15e-02  1.37e-07  5.72e-09  3.00e-02  9.51e-01
   15  -2.5851e+03  -2.5851e+03  1.04e-07  4.01e-11  8.09e-07  0.00e+00  1.05e-09  4.15e-02  4.22e-09  1.76e-10  2.08e-02  9.90e-01
   16  -2.5851e+03  -2.5851e+03  1.05e-08  4.06e-12  8.18e-08  0.00e+00  1.07e-10  4.15e-02  4.27e-10  1.78e-11  6.05e-03  9.04e-01
   17  -2.5851e+03  -2.5851e+03  7.35e-10  2.84e-13  5.74e-09  0.00e+00  7.48e-12  4.15e-02  3.00e-11  1.25e-12  2.27e-03  9.32e-01
optimal solution found; terminating

status is Optimal after 17 iterations and 100.114 seconds

took 105.708657746 seconds


instance rsyn0815m
ran at: 2020-05-12T23:09:42.174
with solver: hypatia, system solver: qrchol_dense
number type : BigFloat


reading instance and constructing model...
took 1.38472905 seconds
building model...
took 10.161604507 seconds

solving model...

 iter        p_obj        d_obj   abs_gap   rel_gap    x_feas    y_feas    z_feas       tau       kap        mu     gamma     alpha
    0   4.0748e+02  -1.0197e+04  5.90e+02       NaN  1.91e+02  0.00e+00  2.49e-01  1.00e+00  1.00e+00  1.00e+00
    1   4.4093e+02  -1.0098e+04  2.95e+02       NaN  1.90e+02  0.00e+00  2.47e-01  5.04e-01  9.93e-01  5.00e-01  1.40e-01  5.81e-01
    2  -3.9343e+02  -1.0745e+04  2.29e+02  5.82e-01  1.86e+02  0.00e+00  2.43e-01  3.97e-01  9.73e-01  3.88e-01  2.33e-01  2.93e-01
    3  -6.6306e+02  -1.0286e+04  8.70e+01  1.31e-01  1.73e+02  0.00e+00  2.26e-01  1.63e-01  9.21e-01  1.48e-01  8.30e-02  6.76e-01
    4  -1.4867e+03  -7.6001e+03  1.88e+01  1.26e-02  1.10e+02  0.00e+00  1.44e-01  5.51e-02  7.20e-01  3.18e-02  4.09e-02  8.18e-01
    5  -1.7868e+03  -6.0650e+03  1.16e+01  6.51e-03  7.72e+01  0.00e+00  1.01e-01  4.88e-02  4.36e-01  1.97e-02  1.77e-01  4.61e-01
    6  -2.2863e+03  -4.1742e+03  4.61e+00  2.02e-03  3.41e+01  0.00e+00  4.44e-02  4.38e-02  1.57e-01  7.81e-03  1.50e-01  7.10e-01
    7  -2.4616e+03  -3.2482e+03  1.85e+00  7.51e-04  1.42e+01  0.00e+00  1.85e-02  4.22e-02  6.23e-02  3.13e-03  1.31e-01  6.89e-01
    8  -2.5522e+03  -2.8097e+03  5.98e-01  2.34e-04  4.64e+00  0.00e+00  6.05e-03  4.16e-02  2.08e-02  1.01e-03  1.03e-01  7.55e-01
    9  -2.5771e+03  -2.6442e+03  1.55e-01  6.00e-05  1.21e+00  0.00e+00  1.58e-03  4.14e-02  5.84e-03  2.62e-04  1.47e-01  8.69e-01
   10  -2.5836e+03  -2.5963e+03  2.95e-02  1.14e-05  2.31e-01  0.00e+00  3.00e-04  4.14e-02  1.18e-03  5.00e-05  1.40e-01  9.41e-01
   11  -2.5847e+03  -2.5887e+03  9.19e-03  3.56e-06  7.18e-02  0.00e+00  9.35e-05  4.14e-02  3.69e-04  1.56e-05  1.32e-01  7.94e-01
   12  -2.5851e+03  -2.5854e+03  7.25e-04  2.80e-07  5.66e-03  0.00e+00  7.37e-06  4.15e-02  2.93e-05  1.23e-06  4.09e-02  9.60e-01
   13  -2.5851e+03  -2.5852e+03  4.35e-05  1.68e-08  3.39e-04  0.00e+00  4.42e-07  4.15e-02  1.76e-06  7.37e-08  1.47e-03  9.41e-01
   14  -2.5851e+03  -2.5851e+03  3.37e-06  1.31e-09  2.63e-05  0.00e+00  3.43e-08  4.15e-02  1.37e-07  5.72e-09  3.00e-02  9.51e-01
   15  -2.5851e+03  -2.5851e+03  1.04e-07  4.01e-11  8.09e-07  0.00e+00  1.05e-09  4.15e-02  4.22e-09  1.76e-10  2.08e-02  9.90e-01
   16  -2.5851e+03  -2.5851e+03  1.05e-08  4.06e-12  8.18e-08  0.00e+00  1.07e-10  4.15e-02  4.27e-10  1.78e-11  6.05e-03  9.04e-01
   17  -2.5851e+03  -2.5851e+03  7.35e-10  2.84e-13  5.74e-09  0.00e+00  7.48e-12  4.15e-02  3.00e-11  1.25e-12  2.27e-03  9.32e-01
optimal solution found; terminating

status is Optimal after 17 iterations and 97.343 seconds

took 102.985149216 seconds


instance rsyn0815m
ran at: 2020-05-13T00:49:47.174
with solver: hypatia, system solver: qrchol_dense
number type : BigFloat


reading instance and constructing model...
took 1.383775845 seconds
building model...
took 10.187818512 seconds

solving model...

 iter        p_obj        d_obj   abs_gap   rel_gap    x_feas    y_feas    z_feas       tau       kap        mu     gamma     alpha
    0   4.0748e+02  -1.0197e+04  5.90e+02       NaN  1.91e+02  0.00e+00  2.49e-01  1.00e+00  1.00e+00  1.00e+00
    1   4.4093e+02  -1.0098e+04  2.95e+02       NaN  1.90e+02  0.00e+00  2.47e-01  5.04e-01  9.93e-01  5.00e-01  1.40e-01  5.81e-01
    2  -3.9343e+02  -1.0745e+04  2.29e+02  5.82e-01  1.86e+02  0.00e+00  2.43e-01  3.97e-01  9.73e-01  3.88e-01  2.33e-01  2.93e-01
    3  -6.6306e+02  -1.0286e+04  8.70e+01  1.31e-01  1.73e+02  0.00e+00  2.26e-01  1.63e-01  9.21e-01  1.48e-01  8.30e-02  6.76e-01
    4  -1.4867e+03  -7.6001e+03  1.88e+01  1.26e-02  1.10e+02  0.00e+00  1.44e-01  5.51e-02  7.20e-01  3.18e-02  4.09e-02  8.18e-01
    5  -1.7868e+03  -6.0650e+03  1.16e+01  6.51e-03  7.72e+01  0.00e+00  1.01e-01  4.88e-02  4.36e-01  1.97e-02  1.77e-01  4.61e-01
    6  -2.2863e+03  -4.1742e+03  4.61e+00  2.02e-03  3.41e+01  0.00e+00  4.44e-02  4.38e-02  1.57e-01  7.81e-03  1.50e-01  7.10e-01
    7  -2.4616e+03  -3.2482e+03  1.85e+00  7.51e-04  1.42e+01  0.00e+00  1.85e-02  4.22e-02  6.23e-02  3.13e-03  1.31e-01  6.89e-01
    8  -2.5522e+03  -2.8097e+03  5.98e-01  2.34e-04  4.64e+00  0.00e+00  6.05e-03  4.16e-02  2.08e-02  1.01e-03  1.03e-01  7.55e-01
    9  -2.5771e+03  -2.6442e+03  1.55e-01  6.00e-05  1.21e+00  0.00e+00  1.58e-03  4.14e-02  5.84e-03  2.62e-04  1.47e-01  8.69e-01
   10  -2.5836e+03  -2.5963e+03  2.95e-02  1.14e-05  2.31e-01  0.00e+00  3.00e-04  4.14e-02  1.18e-03  5.00e-05  1.40e-01  9.41e-01
   11  -2.5847e+03  -2.5887e+03  9.19e-03  3.56e-06  7.18e-02  0.00e+00  9.35e-05  4.14e-02  3.69e-04  1.56e-05  1.32e-01  7.94e-01
   12  -2.5851e+03  -2.5854e+03  7.25e-04  2.80e-07  5.66e-03  0.00e+00  7.37e-06  4.15e-02  2.93e-05  1.23e-06  4.09e-02  9.60e-01
   13  -2.5851e+03  -2.5852e+03  4.35e-05  1.68e-08  3.39e-04  0.00e+00  4.42e-07  4.15e-02  1.76e-06  7.37e-08  1.47e-03  9.41e-01
   14  -2.5851e+03  -2.5851e+03  3.37e-06  1.31e-09  2.63e-05  0.00e+00  3.43e-08  4.15e-02  1.37e-07  5.72e-09  3.00e-02  9.51e-01
   15  -2.5851e+03  -2.5851e+03  1.04e-07  4.01e-11  8.09e-07  0.00e+00  1.05e-09  4.15e-02  4.22e-09  1.76e-10  2.08e-02  9.90e-01
   16  -2.5851e+03  -2.5851e+03  1.05e-08  4.06e-12  8.18e-08  0.00e+00  1.07e-10  4.15e-02  4.27e-10  1.78e-11  6.05e-03  9.04e-01
   17  -2.5851e+03  -2.5851e+03  7.35e-10  2.84e-13  5.74e-09  0.00e+00  7.48e-12  4.15e-02  3.00e-11  1.25e-12  2.27e-03  9.32e-01
optimal solution found; terminating

status is Optimal after 17 iterations and 99.479 seconds

took 105.013013126 seconds

