
instance rsyn0810m
ran at: 2020-05-12T18:30:17.109
with solver: hypatia, system solver: qrchol_dense
number type : Float64


reading instance and constructing model...
took 1.388271604 seconds
building model...
took 10.260739626 seconds

solving model...

 iter        p_obj        d_obj   abs_gap   rel_gap    x_feas    y_feas    z_feas       tau       kap        mu     gamma     alpha
    0  -2.7404e+02  -1.0163e+04  5.17e+02  1.89e+00  1.90e+02  0.00e+00  2.49e-01  1.00e+00  1.00e+00  1.00e+00
    1  -2.6521e+02  -1.0092e+04  2.55e+02  9.62e-01  1.89e+02  0.00e+00  2.47e-01  4.97e-01  9.93e-01  4.93e-01  1.37e-01  5.87e-01
    2  -1.2105e+03  -1.0811e+04  1.74e+02  1.43e-01  1.85e+02  0.00e+00  2.42e-01  3.46e-01  9.68e-01  3.36e-01  2.34e-01  4.17e-01
    3  -1.8514e+03  -9.8884e+03  3.76e+01  2.03e-02  1.55e+02  0.00e+00  2.02e-01  8.94e-02  8.93e-01  7.27e-02  7.05e-02  8.43e-01
    4  -2.3045e+03  -6.2673e+03  8.72e+00  3.78e-03  7.66e+01  0.00e+00  1.00e-01  4.20e-02  5.31e-01  1.69e-02  7.05e-02  8.26e-01
    5  -2.6644e+03  -5.1009e+03  5.05e+00  1.90e-03  4.71e+01  0.00e+00  6.15e-02  3.96e-02  2.79e-01  9.78e-03  1.75e-01  5.10e-01
    6  -2.7932e+03  -4.3175e+03  3.02e+00  1.08e-03  2.94e+01  0.00e+00  3.85e-02  3.78e-02  1.63e-01  5.85e-03  1.29e-01  4.61e-01
    7  -2.9184e+03  -3.4395e+03  1.00e+00  3.43e-04  1.01e+01  0.00e+00  1.31e-02  3.67e-02  5.07e-02  1.94e-03  1.40e-01  7.78e-01
    8  -2.9485e+03  -3.0963e+03  2.80e-01  9.50e-05  2.85e+00  0.00e+00  3.73e-03  3.62e-02  1.44e-02  5.42e-04  1.62e-01  8.60e-01
    9  -2.9596e+03  -3.0080e+03  9.14e-02  3.09e-05  9.36e-01  0.00e+00  1.22e-03  3.60e-02  4.75e-03  1.77e-04  1.25e-01  7.70e-01
   10  -2.9625e+03  -2.9726e+03  1.90e-02  6.40e-06  1.94e-01  0.00e+00  2.54e-04  3.59e-02  1.00e-03  3.67e-05  1.32e-01  9.13e-01
   11  -2.9631e+03  -2.9649e+03  3.44e-03  1.16e-06  3.53e-02  0.00e+00  4.61e-05  3.59e-02  1.82e-04  6.66e-06  1.92e-02  8.34e-01
   12  -2.9632e+03  -2.9634e+03  4.31e-04  1.45e-07  4.42e-03  0.00e+00  5.77e-06  3.60e-02  2.32e-05  8.34e-07  1.25e-01  1.00e+00
   13  -2.9632e+03  -2.9632e+03  4.36e-06  1.47e-09  4.47e-05  0.00e+00  5.84e-08  3.60e-02  2.35e-07  8.44e-09  2.65e-05  9.90e-01
   14  -2.9632e+03  -2.9632e+03  4.41e-08  1.49e-11  4.52e-07  0.00e+00  5.90e-10  3.60e-02  2.37e-09  8.53e-11  1.03e-06  9.90e-01
   15  -2.9632e+03  -2.9632e+03  1.00e-08  3.39e-12  1.44e-06  0.00e+00  1.33e-10  3.60e-02  5.33e-10  1.94e-11  2.25e-01  1.00e+00

status is NumericalFailure after 15 iterations and 11.216 seconds

took 15.429706438 seconds
┌ Warning: very small alpha
└ @ Hypatia.Solvers ~/.julia/dev/Hypatia/src/Solvers/stepper.jl:211
┌ Warning: Hypatia status NumericalFailure not handled
└ @ Hypatia ~/.julia/dev/Hypatia/src/MathOptInterface/wrapper.jl:530


instance rsyn0810m
ran at: 2020-05-12T21:44:42.889
with solver: hypatia, system solver: qrchol_dense
number type : BigFloat


reading instance and constructing model...
took 1.390671974 seconds
building model...
took 10.084055906 seconds

solving model...

 iter        p_obj        d_obj   abs_gap   rel_gap    x_feas    y_feas    z_feas       tau       kap        mu     gamma     alpha
    0  -2.7404e+02  -1.0163e+04  5.17e+02  1.89e+00  1.90e+02  0.00e+00  2.49e-01  1.00e+00  1.00e+00  1.00e+00
    1  -2.6521e+02  -1.0092e+04  2.55e+02  9.62e-01  1.89e+02  0.00e+00  2.47e-01  4.97e-01  9.93e-01  4.93e-01  1.37e-01  5.87e-01
    2  -1.2105e+03  -1.0811e+04  1.74e+02  1.43e-01  1.85e+02  0.00e+00  2.42e-01  3.46e-01  9.68e-01  3.36e-01  2.34e-01  4.17e-01
    3  -1.8514e+03  -9.8884e+03  3.76e+01  2.03e-02  1.55e+02  0.00e+00  2.02e-01  8.94e-02  8.93e-01  7.27e-02  7.05e-02  8.43e-01
    4  -2.3045e+03  -6.2673e+03  8.72e+00  3.78e-03  7.66e+01  0.00e+00  1.00e-01  4.20e-02  5.31e-01  1.69e-02  7.05e-02  8.26e-01
    5  -2.6644e+03  -5.1009e+03  5.05e+00  1.90e-03  4.71e+01  0.00e+00  6.15e-02  3.96e-02  2.79e-01  9.78e-03  1.75e-01  5.10e-01
    6  -2.7932e+03  -4.3175e+03  3.02e+00  1.08e-03  2.94e+01  0.00e+00  3.85e-02  3.78e-02  1.63e-01  5.85e-03  1.29e-01  4.61e-01
    7  -2.9184e+03  -3.4395e+03  1.00e+00  3.43e-04  1.01e+01  0.00e+00  1.31e-02  3.67e-02  5.07e-02  1.94e-03  1.40e-01  7.78e-01
    8  -2.9485e+03  -3.0963e+03  2.80e-01  9.50e-05  2.85e+00  0.00e+00  3.73e-03  3.62e-02  1.44e-02  5.42e-04  1.62e-01  8.60e-01
    9  -2.9596e+03  -3.0080e+03  9.14e-02  3.09e-05  9.36e-01  0.00e+00  1.22e-03  3.60e-02  4.75e-03  1.77e-04  1.25e-01  7.70e-01
   10  -2.9625e+03  -2.9726e+03  1.90e-02  6.40e-06  1.94e-01  0.00e+00  2.54e-04  3.59e-02  1.00e-03  3.67e-05  1.32e-01  9.13e-01
   11  -2.9631e+03  -2.9649e+03  3.44e-03  1.16e-06  3.53e-02  0.00e+00  4.61e-05  3.59e-02  1.82e-04  6.66e-06  1.92e-02  8.34e-01
   12  -2.9632e+03  -2.9634e+03  4.31e-04  1.45e-07  4.42e-03  0.00e+00  5.77e-06  3.60e-02  2.32e-05  8.34e-07  1.25e-01  1.00e+00
   13  -2.9632e+03  -2.9632e+03  4.36e-06  1.47e-09  4.47e-05  0.00e+00  5.84e-08  3.60e-02  2.35e-07  8.44e-09  2.65e-05  9.90e-01
   14  -2.9632e+03  -2.9632e+03  4.41e-08  1.49e-11  4.52e-07  0.00e+00  5.90e-10  3.60e-02  2.37e-09  8.53e-11  1.03e-06  9.90e-01
   15  -2.9632e+03  -2.9632e+03  4.48e-10  1.51e-13  4.59e-09  0.00e+00  5.99e-12  3.60e-02  2.41e-11  8.66e-13  6.16e-05  9.90e-01
optimal solution found; terminating

status is Optimal after 15 iterations and 63.135 seconds

took 68.711278775 seconds


instance rsyn0810m
ran at: 2020-05-12T23:06:07.474
with solver: hypatia, system solver: qrchol_dense
number type : BigFloat


reading instance and constructing model...
took 1.383415031 seconds
building model...
took 10.188001745 seconds

solving model...

 iter        p_obj        d_obj   abs_gap   rel_gap    x_feas    y_feas    z_feas       tau       kap        mu     gamma     alpha
    0  -2.7404e+02  -1.0163e+04  5.17e+02  1.89e+00  1.90e+02  0.00e+00  2.49e-01  1.00e+00  1.00e+00  1.00e+00
    1  -2.6521e+02  -1.0092e+04  2.55e+02  9.62e-01  1.89e+02  0.00e+00  2.47e-01  4.97e-01  9.93e-01  4.93e-01  1.37e-01  5.87e-01
    2  -1.2105e+03  -1.0811e+04  1.74e+02  1.43e-01  1.85e+02  0.00e+00  2.42e-01  3.46e-01  9.68e-01  3.36e-01  2.34e-01  4.17e-01
    3  -1.8514e+03  -9.8884e+03  3.76e+01  2.03e-02  1.55e+02  0.00e+00  2.02e-01  8.94e-02  8.93e-01  7.27e-02  7.05e-02  8.43e-01
    4  -2.3045e+03  -6.2673e+03  8.72e+00  3.78e-03  7.66e+01  0.00e+00  1.00e-01  4.20e-02  5.31e-01  1.69e-02  7.05e-02  8.26e-01
    5  -2.6644e+03  -5.1009e+03  5.05e+00  1.90e-03  4.71e+01  0.00e+00  6.15e-02  3.96e-02  2.79e-01  9.78e-03  1.75e-01  5.10e-01
    6  -2.7932e+03  -4.3175e+03  3.02e+00  1.08e-03  2.94e+01  0.00e+00  3.85e-02  3.78e-02  1.63e-01  5.85e-03  1.29e-01  4.61e-01
    7  -2.9184e+03  -3.4395e+03  1.00e+00  3.43e-04  1.01e+01  0.00e+00  1.31e-02  3.67e-02  5.07e-02  1.94e-03  1.40e-01  7.78e-01
    8  -2.9485e+03  -3.0963e+03  2.80e-01  9.50e-05  2.85e+00  0.00e+00  3.73e-03  3.62e-02  1.44e-02  5.42e-04  1.62e-01  8.60e-01
    9  -2.9596e+03  -3.0080e+03  9.14e-02  3.09e-05  9.36e-01  0.00e+00  1.22e-03  3.60e-02  4.75e-03  1.77e-04  1.25e-01  7.70e-01
   10  -2.9625e+03  -2.9726e+03  1.90e-02  6.40e-06  1.94e-01  0.00e+00  2.54e-04  3.59e-02  1.00e-03  3.67e-05  1.32e-01  9.13e-01
   11  -2.9631e+03  -2.9649e+03  3.44e-03  1.16e-06  3.53e-02  0.00e+00  4.61e-05  3.59e-02  1.82e-04  6.66e-06  1.92e-02  8.34e-01
   12  -2.9632e+03  -2.9634e+03  4.31e-04  1.45e-07  4.42e-03  0.00e+00  5.77e-06  3.60e-02  2.32e-05  8.34e-07  1.25e-01  1.00e+00
   13  -2.9632e+03  -2.9632e+03  4.36e-06  1.47e-09  4.47e-05  0.00e+00  5.84e-08  3.60e-02  2.35e-07  8.44e-09  2.65e-05  9.90e-01
   14  -2.9632e+03  -2.9632e+03  4.41e-08  1.49e-11  4.52e-07  0.00e+00  5.90e-10  3.60e-02  2.37e-09  8.53e-11  1.03e-06  9.90e-01
   15  -2.9632e+03  -2.9632e+03  4.48e-10  1.51e-13  4.59e-09  0.00e+00  5.99e-12  3.60e-02  2.41e-11  8.66e-13  6.16e-05  9.90e-01
optimal solution found; terminating

status is Optimal after 15 iterations and 61.907 seconds

took 67.397804145 seconds


instance rsyn0810m
ran at: 2020-05-13T00:46:13.468
with solver: hypatia, system solver: qrchol_dense
number type : BigFloat


reading instance and constructing model...
took 1.388827828 seconds
building model...
took 10.056908899 seconds

solving model...

 iter        p_obj        d_obj   abs_gap   rel_gap    x_feas    y_feas    z_feas       tau       kap        mu     gamma     alpha
    0  -2.7404e+02  -1.0163e+04  5.17e+02  1.89e+00  1.90e+02  0.00e+00  2.49e-01  1.00e+00  1.00e+00  1.00e+00
    1  -2.6521e+02  -1.0092e+04  2.55e+02  9.62e-01  1.89e+02  0.00e+00  2.47e-01  4.97e-01  9.93e-01  4.93e-01  1.37e-01  5.87e-01
    2  -1.2105e+03  -1.0811e+04  1.74e+02  1.43e-01  1.85e+02  0.00e+00  2.42e-01  3.46e-01  9.68e-01  3.36e-01  2.34e-01  4.17e-01
    3  -1.8514e+03  -9.8884e+03  3.76e+01  2.03e-02  1.55e+02  0.00e+00  2.02e-01  8.94e-02  8.93e-01  7.27e-02  7.05e-02  8.43e-01
    4  -2.3045e+03  -6.2673e+03  8.72e+00  3.78e-03  7.66e+01  0.00e+00  1.00e-01  4.20e-02  5.31e-01  1.69e-02  7.05e-02  8.26e-01
    5  -2.6644e+03  -5.1009e+03  5.05e+00  1.90e-03  4.71e+01  0.00e+00  6.15e-02  3.96e-02  2.79e-01  9.78e-03  1.75e-01  5.10e-01
    6  -2.7932e+03  -4.3175e+03  3.02e+00  1.08e-03  2.94e+01  0.00e+00  3.85e-02  3.78e-02  1.63e-01  5.85e-03  1.29e-01  4.61e-01
    7  -2.9184e+03  -3.4395e+03  1.00e+00  3.43e-04  1.01e+01  0.00e+00  1.31e-02  3.67e-02  5.07e-02  1.94e-03  1.40e-01  7.78e-01
    8  -2.9485e+03  -3.0963e+03  2.80e-01  9.50e-05  2.85e+00  0.00e+00  3.73e-03  3.62e-02  1.44e-02  5.42e-04  1.62e-01  8.60e-01
    9  -2.9596e+03  -3.0080e+03  9.14e-02  3.09e-05  9.36e-01  0.00e+00  1.22e-03  3.60e-02  4.75e-03  1.77e-04  1.25e-01  7.70e-01
   10  -2.9625e+03  -2.9726e+03  1.90e-02  6.40e-06  1.94e-01  0.00e+00  2.54e-04  3.59e-02  1.00e-03  3.67e-05  1.32e-01  9.13e-01
   11  -2.9631e+03  -2.9649e+03  3.44e-03  1.16e-06  3.53e-02  0.00e+00  4.61e-05  3.59e-02  1.82e-04  6.66e-06  1.92e-02  8.34e-01
   12  -2.9632e+03  -2.9634e+03  4.31e-04  1.45e-07  4.42e-03  0.00e+00  5.77e-06  3.60e-02  2.32e-05  8.34e-07  1.25e-01  1.00e+00
   13  -2.9632e+03  -2.9632e+03  4.36e-06  1.47e-09  4.47e-05  0.00e+00  5.84e-08  3.60e-02  2.35e-07  8.44e-09  2.65e-05  9.90e-01
   14  -2.9632e+03  -2.9632e+03  4.41e-08  1.49e-11  4.52e-07  0.00e+00  5.90e-10  3.60e-02  2.37e-09  8.53e-11  1.03e-06  9.90e-01
   15  -2.9632e+03  -2.9632e+03  4.48e-10  1.51e-13  4.59e-09  0.00e+00  5.99e-12  3.60e-02  2.41e-11  8.66e-13  6.16e-05  9.90e-01
optimal solution found; terminating

status is Optimal after 15 iterations and 61.012 seconds

took 66.750562713 seconds


instance rsyn0810m
ran at: 2020-05-14T10:53:10.28
with solver: hypatia, system solver: qrchol_dense


reading instance and constructing model...
took 1.34923602 seconds
building model...
took 10.16384539 seconds

solving model...

 iter        p_obj        d_obj   abs_gap   rel_gap    x_feas    y_feas    z_feas       tau       kap        mu     gamma     alpha
    0  -2.7404e+02  -1.0163e+04  5.17e+02  1.89e+00  1.90e+02  0.00e+00  2.49e-01  1.00e+00  1.00e+00  1.00e+00
    1  -2.6556e+02  -1.0095e+04  2.60e+02  9.80e-01  1.89e+02  0.00e+00  2.47e-01  5.07e-01  9.93e-01  5.04e-01  1.37e-01  5.75e-01
    2  -1.0923e+03  -1.0783e+04  2.16e+02  1.98e-01  1.87e+02  0.00e+00  2.44e-01  4.27e-01  9.77e-01  4.19e-01  2.30e-01  2.19e-01
    3  -1.3160e+03  -1.0503e+04  9.14e+01  6.95e-02  1.77e+02  0.00e+00  2.31e-01  1.90e-01  9.36e-01  1.77e-01  6.45e-02  6.17e-01
    4  -1.9557e+03  -8.6358e+03  2.22e+01  1.14e-02  1.29e+02  0.00e+00  1.68e-01  6.35e-02  7.78e-01  4.30e-02  9.29e-02  8.34e-01
    5  -2.3287e+03  -6.6100e+03  1.04e+01  4.46e-03  8.27e+01  0.00e+00  1.08e-01  4.63e-02  4.61e-01  2.01e-02  7.35e-02  5.75e-01
    6  -2.7880e+03  -4.6521e+03  3.85e+00  1.38e-03  3.60e+01  0.00e+00  4.70e-02  3.94e-02  1.65e-01  7.44e-03  1.49e-01  7.40e-01
    7  -2.8287e+03  -4.2372e+03  2.81e+00  9.95e-04  2.72e+01  0.00e+00  3.55e-02  3.81e-02  1.22e-01  5.44e-03  1.64e-01  3.21e-01
    8  -2.9301e+03  -3.3814e+03  8.68e-01  2.96e-04  8.71e+00  0.00e+00  1.14e-02  3.67e-02  3.82e-02  1.68e-03  1.29e-01  7.94e-01
    9  -2.9492e+03  -3.1162e+03  3.17e-01  1.08e-04  3.22e+00  0.00e+00  4.21e-03  3.62e-02  1.49e-02  6.13e-04  1.67e-01  7.62e-01
   10  -2.9604e+03  -3.0034e+03  8.10e-02  2.74e-05  8.29e-01  0.00e+00  1.08e-03  3.60e-02  3.96e-03  1.57e-04  8.95e-02  8.18e-01
   11  -2.9621e+03  -2.9778e+03  2.95e-02  9.98e-06  3.03e-01  0.00e+00  3.95e-04  3.60e-02  1.49e-03  5.71e-05  1.50e-01  7.47e-01
   12  -2.9631e+03  -2.9654e+03  4.42e-03  1.49e-06  4.53e-02  0.00e+00  5.91e-05  3.59e-02  2.23e-04  8.54e-06  1.10e-02  8.60e-01
   13  -2.9632e+03  -2.9636e+03  7.78e-04  2.62e-07  7.97e-03  0.00e+00  1.04e-05  3.60e-02  4.11e-05  1.50e-06  1.34e-01  9.51e-01
   14  -2.9632e+03  -2.9632e+03  7.86e-06  2.65e-09  8.05e-05  0.00e+00  1.05e-07  3.60e-02  4.15e-07  1.52e-08  8.01e-06  9.90e-01
   15  -2.9632e+03  -2.9632e+03  1.58e-07  5.34e-11  1.97e-06  0.00e+00  2.35e-09  3.60e-02  8.30e-09  3.06e-10  2.65e-05  9.78e-01
   16  -2.9632e+03  -2.9632e+03  1.58e-07  5.32e-11  5.33e-06  0.00e+00  2.35e-09  3.60e-02  8.30e-09  3.05e-10  1.98e-01  1.05e-03
   17  -2.9632e+03  -2.9632e+03  4.21e-08  1.42e-11  1.51e-06  0.00e+00  5.91e-10  3.60e-02  2.09e-09  8.15e-11  7.82e-03  7.55e-01
   18  -2.9632e+03  -2.9632e+03  5.70e-09  1.92e-12  1.93e-07  0.00e+00  7.88e-11  3.60e-02  2.78e-10  1.10e-11  2.27e-03  8.69e-01
   19  -2.9632e+03  -2.9632e+03  5.27e-09  1.78e-12  4.05e-06  0.00e+00  7.36e-11  3.60e-02  2.61e-10  1.02e-11  2.31e-01  8.52e-02
   20  -2.9632e+03  -2.9632e+03  5.17e-09  1.75e-12  6.68e-06  0.00e+00  7.20e-11  3.60e-02  2.55e-10  1.00e-11  2.22e-01  2.85e-02

status is NumericalFailure after 20 iterations and 15.167 seconds

took 19.119952226 seconds
┌ Warning: switching Hessian cache from Cholesky to Bunch Kaufman
└ @ Hypatia.Cones ~/.julia/dev/Hypatia/src/Cones/Cones.jl:94
┌ Warning: switching Hessian cache from Cholesky to Bunch Kaufman
└ @ Hypatia.Cones ~/.julia/dev/Hypatia/src/Cones/Cones.jl:94
┌ Warning: switching Hessian cache from Cholesky to Bunch Kaufman
└ @ Hypatia.Cones ~/.julia/dev/Hypatia/src/Cones/Cones.jl:94
┌ Warning: switching Hessian cache from Cholesky to Bunch Kaufman
└ @ Hypatia.Cones ~/.julia/dev/Hypatia/src/Cones/Cones.jl:94
┌ Warning: switching Hessian cache from Cholesky to Bunch Kaufman
└ @ Hypatia.Cones ~/.julia/dev/Hypatia/src/Cones/Cones.jl:94
┌ Warning: very small alpha
└ @ Hypatia.Solvers ~/.julia/dev/Hypatia/src/Solvers/stepper.jl:211
┌ Warning: Hypatia status NumericalFailure not handled
└ @ Hypatia ~/.julia/dev/Hypatia/src/MathOptInterface/wrapper.jl:530


instance rsyn0810m
ran at: 2020-05-14T11:50:48.698
with solver: hypatia, system solver: qrchol_dense


reading instance and constructing model...
took 1.356848438 seconds
building model...
took 10.205941565 seconds

solving model...

 iter        p_obj        d_obj   abs_gap   rel_gap    x_feas    y_feas    z_feas       tau       kap        mu     gamma     alpha
    0  -2.7404e+02  -1.0163e+04  5.17e+02  1.89e+00  1.90e+02  0.00e+00  2.49e-01  1.00e+00  1.00e+00  1.00e+00
    1  -2.6556e+02  -1.0095e+04  2.60e+02  9.80e-01  1.89e+02  0.00e+00  2.47e-01  5.07e-01  9.93e-01  5.04e-01  1.37e-01  5.75e-01
    2  -1.0923e+03  -1.0783e+04  2.16e+02  1.98e-01  1.87e+02  0.00e+00  2.44e-01  4.27e-01  9.77e-01  4.19e-01  2.30e-01  2.19e-01
    3  -1.3160e+03  -1.0503e+04  9.14e+01  6.95e-02  1.77e+02  0.00e+00  2.31e-01  1.90e-01  9.36e-01  1.77e-01  6.45e-02  6.17e-01
    4  -1.9557e+03  -8.6358e+03  2.22e+01  1.14e-02  1.29e+02  0.00e+00  1.68e-01  6.35e-02  7.78e-01  4.30e-02  9.29e-02  8.34e-01
    5  -2.3287e+03  -6.6100e+03  1.04e+01  4.46e-03  8.27e+01  0.00e+00  1.08e-01  4.63e-02  4.61e-01  2.01e-02  7.35e-02  5.75e-01
    6  -2.7880e+03  -4.6521e+03  3.85e+00  1.38e-03  3.60e+01  0.00e+00  4.70e-02  3.94e-02  1.65e-01  7.44e-03  1.49e-01  7.40e-01
    7  -2.8287e+03  -4.2372e+03  2.81e+00  9.95e-04  2.72e+01  0.00e+00  3.55e-02  3.81e-02  1.22e-01  5.44e-03  1.64e-01  3.21e-01
    8  -2.9301e+03  -3.3814e+03  8.68e-01  2.96e-04  8.71e+00  0.00e+00  1.14e-02  3.67e-02  3.82e-02  1.68e-03  1.29e-01  7.94e-01
    9  -2.9492e+03  -3.1162e+03  3.17e-01  1.08e-04  3.22e+00  0.00e+00  4.21e-03  3.62e-02  1.49e-02  6.13e-04  1.67e-01  7.62e-01
   10  -2.9604e+03  -3.0034e+03  8.10e-02  2.74e-05  8.29e-01  0.00e+00  1.08e-03  3.60e-02  3.96e-03  1.57e-04  8.95e-02  8.18e-01
   11  -2.9621e+03  -2.9778e+03  2.95e-02  9.98e-06  3.03e-01  0.00e+00  3.95e-04  3.60e-02  1.49e-03  5.71e-05  1.50e-01  7.47e-01
   12  -2.9631e+03  -2.9654e+03  4.42e-03  1.49e-06  4.53e-02  0.00e+00  5.91e-05  3.59e-02  2.23e-04  8.54e-06  1.10e-02  8.60e-01
   13  -2.9632e+03  -2.9636e+03  7.78e-04  2.62e-07  7.97e-03  0.00e+00  1.04e-05  3.60e-02  4.11e-05  1.50e-06  1.34e-01  9.51e-01
   14  -2.9632e+03  -2.9632e+03  7.86e-06  2.65e-09  8.05e-05  0.00e+00  1.05e-07  3.60e-02  4.15e-07  1.52e-08  8.01e-06  9.90e-01
   15  -2.9632e+03  -2.9632e+03  3.87e-07  1.31e-10  3.96e-06  0.00e+00  5.18e-09  3.60e-02  2.04e-08  7.48e-10  1.19e-04  9.51e-01
   16  -2.9632e+03  -2.9632e+03  3.55e-07  1.20e-10  3.64e-06  0.00e+00  4.75e-09  3.60e-02  1.87e-08  6.87e-10  2.35e-01  1.08e-01
   17  -2.9632e+03  -2.9632e+03  3.48e-07  1.17e-10  2.82e-05  0.00e+00  4.70e-09  3.59e-02  1.86e-08  6.73e-10  2.36e-01  1.35e-02
   18  -2.9632e+03  -2.9632e+03  3.40e-07  1.15e-10  2.75e-05  0.00e+00  4.60e-09  3.59e-02  1.82e-08  6.58e-10  2.43e-01  2.91e-02
   19  -2.9632e+03  -2.9632e+03  3.40e-07  1.15e-10  2.75e-05  0.00e+00  4.59e-09  3.59e-02  1.81e-08  6.57e-10  2.50e-01  1.55e-03

status is NumericalFailure after 19 iterations and 9.963 seconds

took 14.114401612 seconds
┌ Warning: switching Hessian cache from Cholesky to Bunch Kaufman
└ @ Hypatia.Cones ~/.julia/dev/Hypatia/src/Cones/Cones.jl:94
┌ Warning: switching Hessian cache from Cholesky to Bunch Kaufman
└ @ Hypatia.Cones ~/.julia/dev/Hypatia/src/Cones/Cones.jl:94
┌ Warning: switching Hessian cache from Cholesky to Bunch Kaufman
└ @ Hypatia.Cones ~/.julia/dev/Hypatia/src/Cones/Cones.jl:94
┌ Warning: switching Hessian cache from Cholesky to Bunch Kaufman
└ @ Hypatia.Cones ~/.julia/dev/Hypatia/src/Cones/Cones.jl:94
┌ Warning: switching Hessian cache from Cholesky to Bunch Kaufman
└ @ Hypatia.Cones ~/.julia/dev/Hypatia/src/Cones/Cones.jl:94
┌ Warning: very small alpha
└ @ Hypatia.Solvers ~/.julia/dev/Hypatia/src/Solvers/stepper.jl:211
┌ Warning: Hypatia status NumericalFailure not handled
└ @ Hypatia ~/.julia/dev/Hypatia/src/MathOptInterface/wrapper.jl:530

