
instance syn05m02h
ran at: 2020-05-11T16:48:38.616
with solver: hypatia, system solver: qrchol_dense
number type : BigFloat

┌ Warning: Package Hypatia does not have ForwardDiff in its dependencies:
│ - If you have Hypatia checked out for development and have
│   added ForwardDiff as a dependency but haven't updated your primary
│   environment's manifest file, try `Pkg.resolve()`.
│ - Otherwise you may need to report an issue with Hypatia
└ Loading ForwardDiff into Hypatia from project dependency, future warnings for Hypatia are suppressed.

reading instance and constructing model...
took 1.245521473 seconds
building model...
took 9.576546889 seconds

solving model...

 iter        p_obj        d_obj   abs_gap   rel_gap    x_feas    y_feas    z_feas       tau       kap        mu     gamma     alpha
    0  -3.6260e+03  -4.8604e+02  2.23e+02  6.15e-02  6.35e+00  0.00e+00  7.48e-01  1.00e+00  1.00e+00  1.00e+00
    1  -4.4542e+03  -1.3525e+03  9.12e+01  2.05e-02  6.27e+00  0.00e+00  7.38e-01  4.14e-01  9.92e-01  4.09e-01  6.17e-02  6.30e-01
    2  -4.5332e+03  -1.6755e+03  4.35e+01  9.60e-03  5.77e+00  0.00e+00  6.80e-01  2.15e-01  9.22e-01  1.95e-01  1.86e-01  6.43e-01
    3  -4.5459e+03  -1.9240e+03  2.75e+01  6.04e-03  5.29e+00  0.00e+00  6.23e-01  1.48e-01  8.24e-01  1.23e-01  2.07e-01  4.66e-01
    4  -4.5622e+03  -2.7759e+03  9.42e+00  2.06e-03  3.60e+00  0.00e+00  4.24e-01  7.45e-02  5.86e-01  4.22e-02  1.38e-01  7.62e-01
    5  -4.3197e+03  -2.9333e+03  5.44e+00  1.26e-03  2.79e+00  0.00e+00  3.28e-01  5.55e-02  4.12e-01  2.44e-02  1.71e-01  5.10e-01
    6  -3.9882e+03  -2.9207e+03  3.26e+00  8.17e-04  2.15e+00  0.00e+00  2.53e-01  4.32e-02  2.92e-01  1.46e-02  1.31e-01  4.61e-01
    7  -3.6084e+03  -3.0390e+03  1.49e+00  4.13e-04  1.14e+00  0.00e+00  1.35e-01  3.70e-02  1.41e-01  6.67e-03  1.96e-01  6.76e-01
    8  -3.4481e+03  -3.0446e+03  9.64e-01  2.80e-04  8.11e-01  0.00e+00  9.54e-02  3.39e-02  9.85e-02  4.32e-03  2.04e-01  4.43e-01
    9  -3.1995e+03  -3.0468e+03  3.46e-01  1.08e-04  3.07e-01  0.00e+00  3.61e-02  3.21e-02  3.62e-02  1.55e-03  7.05e-02  6.89e-01
   10  -3.1142e+03  -3.0400e+03  1.67e-01  5.35e-05  1.49e-01  0.00e+00  1.75e-02  3.18e-02  1.78e-02  7.47e-04  7.98e-02  5.64e-01
   11  -3.0420e+03  -3.0323e+03  2.16e-02  7.11e-06  1.94e-02  0.00e+00  2.29e-03  3.17e-02  2.39e-03  9.69e-05  2.80e-02  8.95e-01
   12  -3.0373e+03  -3.0332e+03  9.03e-03  2.97e-06  8.10e-03  0.00e+00  9.54e-04  3.17e-02  1.07e-03  4.04e-05  1.55e-01  6.89e-01
   13  -3.0338e+03  -3.0333e+03  1.09e-03  3.59e-07  9.77e-04  0.00e+00  1.15e-04  3.17e-02  1.30e-04  4.88e-06  7.82e-03  8.86e-01
   14  -3.0334e+03  -3.0333e+03  7.64e-05  2.52e-08  6.85e-05  0.00e+00  8.07e-06  3.17e-02  9.18e-06  3.42e-07  2.27e-03  9.32e-01
   15  -3.0333e+03  -3.0333e+03  5.92e-06  1.95e-09  5.31e-06  0.00e+00  6.25e-07  3.17e-02  7.11e-07  2.65e-08  2.02e-04  9.23e-01
   16  -3.0333e+03  -3.0333e+03  5.98e-08  1.97e-11  5.37e-08  0.00e+00  6.32e-09  3.17e-02  7.19e-09  2.68e-10  8.00e-06  9.90e-01
   17  -3.0333e+03  -3.0333e+03  9.95e-09  3.28e-12  8.93e-09  0.00e+00  1.05e-09  3.17e-02  1.20e-09  4.46e-11  8.77e-04  8.34e-01
optimal solution found; terminating

status is Optimal after 17 iterations and 14.268 seconds

took 19.462492015 seconds


instance syn05m02h
ran at: 2020-05-12T14:55:33.051
with solver: hypatia, system solver: qrchol_dense
number type : BigFloat but congj_g opposite


reading instance and constructing model...
took 1.350801676 seconds
building model...
took 10.181001109 seconds

solving model...

 iter        p_obj        d_obj   abs_gap   rel_gap    x_feas    y_feas    z_feas       tau       kap        mu     gamma     alpha
    0  -3.6260e+03  -4.8604e+02  2.23e+02  6.15e-02  6.35e+00  0.00e+00  7.48e-01  1.00e+00  1.00e+00  1.00e+00
    1  -4.4542e+03  -1.3525e+03  9.12e+01  2.05e-02  6.27e+00  0.00e+00  7.38e-01  4.14e-01  9.92e-01  4.09e-01  6.17e-02  6.30e-01
    2  -4.5332e+03  -1.6755e+03  4.35e+01  9.60e-03  5.77e+00  0.00e+00  6.80e-01  2.15e-01  9.22e-01  1.95e-01  1.86e-01  6.43e-01
    3  -4.5459e+03  -1.9240e+03  2.75e+01  6.04e-03  5.29e+00  0.00e+00  6.23e-01  1.48e-01  8.24e-01  1.23e-01  2.07e-01  4.66e-01
    4  -4.5622e+03  -2.7759e+03  9.42e+00  2.06e-03  3.60e+00  0.00e+00  4.24e-01  7.45e-02  5.86e-01  4.22e-02  1.38e-01  7.62e-01
    5  -4.3197e+03  -2.9333e+03  5.44e+00  1.26e-03  2.79e+00  0.00e+00  3.28e-01  5.55e-02  4.12e-01  2.44e-02  1.71e-01  5.10e-01
    6  -3.9882e+03  -2.9207e+03  3.26e+00  8.17e-04  2.15e+00  0.00e+00  2.53e-01  4.32e-02  2.92e-01  1.46e-02  1.31e-01  4.61e-01
    7  -3.6084e+03  -3.0390e+03  1.49e+00  4.13e-04  1.14e+00  0.00e+00  1.35e-01  3.70e-02  1.41e-01  6.67e-03  1.96e-01  6.76e-01
    8  -3.4481e+03  -3.0446e+03  9.64e-01  2.80e-04  8.11e-01  0.00e+00  9.54e-02  3.39e-02  9.85e-02  4.32e-03  2.04e-01  4.43e-01
    9  -3.1995e+03  -3.0468e+03  3.46e-01  1.08e-04  3.07e-01  0.00e+00  3.61e-02  3.21e-02  3.62e-02  1.55e-03  7.05e-02  6.89e-01
   10  -3.1142e+03  -3.0400e+03  1.67e-01  5.35e-05  1.49e-01  0.00e+00  1.75e-02  3.18e-02  1.78e-02  7.47e-04  7.98e-02  5.64e-01
   11  -3.0420e+03  -3.0323e+03  2.16e-02  7.11e-06  1.94e-02  0.00e+00  2.29e-03  3.17e-02  2.39e-03  9.69e-05  2.80e-02  8.95e-01
   12  -3.0373e+03  -3.0332e+03  9.03e-03  2.97e-06  8.10e-03  0.00e+00  9.54e-04  3.17e-02  1.07e-03  4.04e-05  1.55e-01  6.89e-01
   13  -3.0338e+03  -3.0333e+03  1.09e-03  3.59e-07  9.77e-04  0.00e+00  1.15e-04  3.17e-02  1.30e-04  4.88e-06  7.82e-03  8.86e-01
   14  -3.0334e+03  -3.0333e+03  7.64e-05  2.52e-08  6.85e-05  0.00e+00  8.07e-06  3.17e-02  9.18e-06  3.42e-07  2.27e-03  9.32e-01
   15  -3.0333e+03  -3.0333e+03  5.21e-06  1.72e-09  4.67e-06  0.00e+00  5.50e-07  3.17e-02  6.26e-07  2.33e-08  2.02e-04  9.32e-01
   16  -3.0333e+03  -3.0333e+03  2.07e-07  6.82e-11  1.86e-07  0.00e+00  2.18e-08  3.17e-02  2.49e-08  9.27e-10  2.01e-04  9.60e-01
   17  -3.0333e+03  -3.0333e+03  1.81e-07  5.97e-11  1.76e-07  0.00e+00  2.07e-08  3.04e-02  2.34e-08  8.12e-10  2.04e-01  1.15e-01
   18  -3.0333e+03  -3.0333e+03  4.60e-08  1.52e-11  4.57e-08  0.00e+00  5.37e-09  3.00e-02  6.18e-09  2.06e-10  1.48e-02  7.55e-01
   19  -3.0333e+03  -3.0333e+03  1.06e-08  3.51e-12  1.08e-08  0.00e+00  1.27e-09  2.97e-02  1.58e-09  4.77e-11  1.70e-01  9.23e-01
optimal solution found; terminating

status is Optimal after 19 iterations and 15.174 seconds

took 20.655258956 seconds


instance syn05m02h
ran at: 2020-05-12T17:33:47.142
with solver: hypatia, system solver: qrchol_dense
number type : Float64


reading instance and constructing model...
took 1.389268723 seconds
building model...
took 10.137631752 seconds

solving model...

 iter        p_obj        d_obj   abs_gap   rel_gap    x_feas    y_feas    z_feas       tau       kap        mu     gamma     alpha
    0  -3.6260e+03  -4.8604e+02  2.23e+02  6.15e-02  6.35e+00  0.00e+00  7.48e-01  1.00e+00  1.00e+00  1.00e+00
    1  -4.4542e+03  -1.3525e+03  9.12e+01  2.05e-02  6.27e+00  0.00e+00  7.38e-01  4.14e-01  9.92e-01  4.09e-01  6.17e-02  6.30e-01
    2  -4.5332e+03  -1.6755e+03  4.35e+01  9.60e-03  5.77e+00  0.00e+00  6.80e-01  2.15e-01  9.22e-01  1.95e-01  1.86e-01  6.43e-01
    3  -4.5459e+03  -1.9240e+03  2.75e+01  6.04e-03  5.29e+00  0.00e+00  6.23e-01  1.48e-01  8.24e-01  1.23e-01  2.07e-01  4.66e-01
    4  -4.5622e+03  -2.7759e+03  9.42e+00  2.06e-03  3.60e+00  0.00e+00  4.24e-01  7.45e-02  5.86e-01  4.22e-02  1.38e-01  7.62e-01
    5  -4.3197e+03  -2.9333e+03  5.44e+00  1.26e-03  2.79e+00  0.00e+00  3.28e-01  5.55e-02  4.12e-01  2.44e-02  1.71e-01  5.10e-01
    6  -3.9882e+03  -2.9207e+03  3.26e+00  8.17e-04  2.15e+00  0.00e+00  2.53e-01  4.32e-02  2.92e-01  1.46e-02  1.31e-01  4.61e-01
    7  -3.6084e+03  -3.0390e+03  1.49e+00  4.13e-04  1.14e+00  0.00e+00  1.35e-01  3.70e-02  1.41e-01  6.67e-03  1.96e-01  6.76e-01
    8  -3.4481e+03  -3.0446e+03  9.64e-01  2.80e-04  8.11e-01  0.00e+00  9.54e-02  3.39e-02  9.85e-02  4.32e-03  2.04e-01  4.43e-01
    9  -3.1995e+03  -3.0468e+03  3.46e-01  1.08e-04  3.07e-01  0.00e+00  3.61e-02  3.21e-02  3.62e-02  1.55e-03  7.05e-02  6.89e-01
   10  -3.1142e+03  -3.0400e+03  1.67e-01  5.35e-05  1.49e-01  0.00e+00  1.75e-02  3.18e-02  1.78e-02  7.47e-04  7.98e-02  5.64e-01
   11  -3.0420e+03  -3.0323e+03  2.16e-02  7.11e-06  1.94e-02  0.00e+00  2.29e-03  3.17e-02  2.39e-03  9.69e-05  2.80e-02  8.95e-01
   12  -3.0373e+03  -3.0332e+03  9.03e-03  2.97e-06  8.10e-03  0.00e+00  9.54e-04  3.17e-02  1.07e-03  4.04e-05  1.55e-01  6.89e-01
   13  -3.0338e+03  -3.0333e+03  1.09e-03  3.59e-07  9.77e-04  0.00e+00  1.15e-04  3.17e-02  1.30e-04  4.88e-06  7.82e-03  8.86e-01
   14  -3.0334e+03  -3.0333e+03  7.64e-05  2.52e-08  6.85e-05  0.00e+00  8.07e-06  3.17e-02  9.18e-06  3.42e-07  2.27e-03  9.32e-01
   15  -3.0333e+03  -3.0333e+03  5.21e-06  1.72e-09  4.68e-06  0.00e+00  5.50e-07  3.17e-02  6.27e-07  2.34e-08  2.02e-04  9.32e-01
   16  -3.0333e+03  -3.0333e+03  3.02e-07  9.96e-11  2.67e-07  0.00e+00  3.24e-08  3.17e-02  3.69e-08  1.35e-09  2.01e-04  9.41e-01
   17  -3.0333e+03  -3.0333e+03  2.55e-07  8.40e-11  2.27e-07  0.00e+00  2.74e-08  3.17e-02  3.15e-08  1.14e-09  2.09e-01  1.92e-01
   18  -3.0333e+03  -3.0333e+03  2.26e-07  7.45e-11  2.05e-07  0.00e+00  2.50e-08  3.17e-02  2.88e-08  1.01e-09  2.21e-01  1.15e-01
   19  -3.0333e+03  -3.0333e+03  3.36e-08  1.11e-11  2.94e-08  0.00e+00  3.64e-09  3.17e-02  4.65e-09  1.51e-10  1.46e-01  1.00e+00
   20  -3.0333e+03  -3.0333e+03  2.46e-08  8.12e-12  2.16e-08  0.00e+00  2.66e-09  3.17e-02  3.41e-09  1.10e-10  1.95e-01  3.34e-01
   21  -3.0333e+03  -3.0333e+03  2.46e-08  8.11e-12  2.15e-08  0.00e+00  2.66e-09  3.17e-02  3.40e-09  1.10e-10  2.50e-01  1.48e-03

status is NumericalFailure after 21 iterations and 9.8 seconds

took 13.995006824 seconds
┌ Warning: very small alpha
└ @ Hypatia.Solvers ~/.julia/dev/Hypatia/src/Solvers/stepper.jl:211
┌ Warning: Hypatia status NumericalFailure not handled
└ @ Hypatia ~/.julia/dev/Hypatia/src/MathOptInterface/wrapper.jl:530


instance syn05m02h
ran at: 2020-05-12T18:09:49.276
with solver: hypatia, system solver: qrchol_dense
number type : Float64


reading instance and constructing model...
took 1.379403243 seconds
building model...
took 10.062819985 seconds

solving model...

 iter        p_obj        d_obj   abs_gap   rel_gap    x_feas    y_feas    z_feas       tau       kap        mu     gamma     alpha
    0  -3.6260e+03  -4.8604e+02  2.23e+02  6.15e-02  6.35e+00  0.00e+00  7.48e-01  1.00e+00  1.00e+00  1.00e+00
    1  -4.4542e+03  -1.3525e+03  9.12e+01  2.05e-02  6.27e+00  0.00e+00  7.38e-01  4.14e-01  9.92e-01  4.09e-01  6.17e-02  6.30e-01
    2  -4.5332e+03  -1.6755e+03  4.35e+01  9.60e-03  5.77e+00  0.00e+00  6.80e-01  2.15e-01  9.22e-01  1.95e-01  1.86e-01  6.43e-01
    3  -4.5459e+03  -1.9240e+03  2.75e+01  6.04e-03  5.29e+00  0.00e+00  6.23e-01  1.48e-01  8.24e-01  1.23e-01  2.07e-01  4.66e-01
    4  -4.5622e+03  -2.7759e+03  9.42e+00  2.06e-03  3.60e+00  0.00e+00  4.24e-01  7.45e-02  5.86e-01  4.22e-02  1.38e-01  7.62e-01
    5  -4.3197e+03  -2.9333e+03  5.44e+00  1.26e-03  2.79e+00  0.00e+00  3.28e-01  5.55e-02  4.12e-01  2.44e-02  1.71e-01  5.10e-01
    6  -3.9882e+03  -2.9207e+03  3.26e+00  8.17e-04  2.15e+00  0.00e+00  2.53e-01  4.32e-02  2.92e-01  1.46e-02  1.31e-01  4.61e-01
    7  -3.6084e+03  -3.0390e+03  1.49e+00  4.13e-04  1.14e+00  0.00e+00  1.35e-01  3.70e-02  1.41e-01  6.67e-03  1.96e-01  6.76e-01
    8  -3.4481e+03  -3.0446e+03  9.64e-01  2.80e-04  8.11e-01  0.00e+00  9.54e-02  3.39e-02  9.85e-02  4.32e-03  2.04e-01  4.43e-01
    9  -3.1995e+03  -3.0468e+03  3.46e-01  1.08e-04  3.07e-01  0.00e+00  3.61e-02  3.21e-02  3.62e-02  1.55e-03  7.05e-02  6.89e-01
   10  -3.1142e+03  -3.0400e+03  1.67e-01  5.35e-05  1.49e-01  0.00e+00  1.75e-02  3.18e-02  1.78e-02  7.47e-04  7.98e-02  5.64e-01
   11  -3.0420e+03  -3.0323e+03  2.16e-02  7.11e-06  1.94e-02  0.00e+00  2.29e-03  3.17e-02  2.39e-03  9.69e-05  2.80e-02  8.95e-01
   12  -3.0373e+03  -3.0332e+03  9.03e-03  2.97e-06  8.10e-03  0.00e+00  9.54e-04  3.17e-02  1.07e-03  4.04e-05  1.55e-01  6.89e-01
   13  -3.0338e+03  -3.0333e+03  1.09e-03  3.59e-07  9.77e-04  0.00e+00  1.15e-04  3.17e-02  1.30e-04  4.88e-06  7.82e-03  8.86e-01
   14  -3.0334e+03  -3.0333e+03  7.64e-05  2.52e-08  6.85e-05  0.00e+00  8.07e-06  3.17e-02  9.18e-06  3.42e-07  2.27e-03  9.32e-01
   15  -3.0333e+03  -3.0333e+03  5.93e-06  1.95e-09  5.31e-06  0.00e+00  6.25e-07  3.17e-02  7.12e-07  2.66e-08  2.02e-04  9.23e-01
   16  -3.0333e+03  -3.0333e+03  5.99e-08  1.97e-11  5.37e-08  0.00e+00  6.32e-09  3.17e-02  7.20e-09  2.68e-10  8.00e-06  9.90e-01
   17  -3.0333e+03  -3.0333e+03  7.91e-09  2.61e-12  7.07e-09  0.00e+00  8.32e-10  3.17e-02  9.48e-10  3.55e-11  3.15e-04  8.69e-01
optimal solution found; terminating

status is Optimal after 17 iterations and 10.399 seconds

took 14.539646244 seconds


instance syn05m02h
ran at: 2020-05-12T21:07:24.528
with solver: hypatia, system solver: qrchol_dense
number type : BigFloat


reading instance and constructing model...
took 1.382638561 seconds
building model...
took 10.153169374 seconds

solving model...

 iter        p_obj        d_obj   abs_gap   rel_gap    x_feas    y_feas    z_feas       tau       kap        mu     gamma     alpha
    0  -3.6260e+03  -4.8604e+02  2.23e+02  6.15e-02  6.35e+00  0.00e+00  7.48e-01  1.00e+00  1.00e+00  1.00e+00
    1  -4.4542e+03  -1.3525e+03  9.12e+01  2.05e-02  6.27e+00  0.00e+00  7.38e-01  4.14e-01  9.92e-01  4.09e-01  6.17e-02  6.30e-01
    2  -4.5332e+03  -1.6755e+03  4.35e+01  9.60e-03  5.77e+00  0.00e+00  6.80e-01  2.15e-01  9.22e-01  1.95e-01  1.86e-01  6.43e-01
    3  -4.5459e+03  -1.9240e+03  2.75e+01  6.04e-03  5.29e+00  0.00e+00  6.23e-01  1.48e-01  8.24e-01  1.23e-01  2.07e-01  4.66e-01
    4  -4.5622e+03  -2.7759e+03  9.42e+00  2.06e-03  3.60e+00  0.00e+00  4.24e-01  7.45e-02  5.86e-01  4.22e-02  1.38e-01  7.62e-01
    5  -4.3197e+03  -2.9333e+03  5.44e+00  1.26e-03  2.79e+00  0.00e+00  3.28e-01  5.55e-02  4.12e-01  2.44e-02  1.71e-01  5.10e-01
    6  -3.9882e+03  -2.9207e+03  3.26e+00  8.17e-04  2.15e+00  0.00e+00  2.53e-01  4.32e-02  2.92e-01  1.46e-02  1.31e-01  4.61e-01
    7  -3.6084e+03  -3.0390e+03  1.49e+00  4.13e-04  1.14e+00  0.00e+00  1.35e-01  3.70e-02  1.41e-01  6.67e-03  1.96e-01  6.76e-01
    8  -3.4481e+03  -3.0446e+03  9.64e-01  2.80e-04  8.11e-01  0.00e+00  9.54e-02  3.39e-02  9.85e-02  4.32e-03  2.04e-01  4.43e-01
    9  -3.1995e+03  -3.0468e+03  3.46e-01  1.08e-04  3.07e-01  0.00e+00  3.61e-02  3.21e-02  3.62e-02  1.55e-03  7.05e-02  6.89e-01
   10  -3.1142e+03  -3.0400e+03  1.67e-01  5.35e-05  1.49e-01  0.00e+00  1.75e-02  3.18e-02  1.78e-02  7.47e-04  7.98e-02  5.64e-01
   11  -3.0420e+03  -3.0323e+03  2.16e-02  7.11e-06  1.94e-02  0.00e+00  2.29e-03  3.17e-02  2.39e-03  9.69e-05  2.80e-02  8.95e-01
   12  -3.0373e+03  -3.0332e+03  9.03e-03  2.97e-06  8.10e-03  0.00e+00  9.54e-04  3.17e-02  1.07e-03  4.04e-05  1.55e-01  6.89e-01
   13  -3.0338e+03  -3.0333e+03  1.09e-03  3.59e-07  9.77e-04  0.00e+00  1.15e-04  3.17e-02  1.30e-04  4.88e-06  7.82e-03  8.86e-01
   14  -3.0334e+03  -3.0333e+03  7.64e-05  2.52e-08  6.85e-05  0.00e+00  8.07e-06  3.17e-02  9.18e-06  3.42e-07  2.27e-03  9.32e-01
   15  -3.0333e+03  -3.0333e+03  5.92e-06  1.95e-09  5.31e-06  0.00e+00  6.25e-07  3.17e-02  7.11e-07  2.65e-08  2.02e-04  9.23e-01
   16  -3.0333e+03  -3.0333e+03  5.98e-08  1.97e-11  5.37e-08  0.00e+00  6.32e-09  3.17e-02  7.19e-09  2.68e-10  8.00e-06  9.90e-01
   17  -3.0333e+03  -3.0333e+03  9.95e-09  3.28e-12  8.93e-09  0.00e+00  1.05e-09  3.17e-02  1.20e-09  4.46e-11  8.77e-04  8.34e-01
optimal solution found; terminating

status is Optimal after 17 iterations and 14.916 seconds

took 20.411773706 seconds


instance syn05m02h
ran at: 2020-05-12T22:28:44.057
with solver: hypatia, system solver: qrchol_dense
number type : BigFloat


reading instance and constructing model...
took 1.379355959 seconds
building model...
took 10.135449208 seconds

solving model...

 iter        p_obj        d_obj   abs_gap   rel_gap    x_feas    y_feas    z_feas       tau       kap        mu     gamma     alpha
    0  -3.6260e+03  -4.8604e+02  2.23e+02  6.15e-02  6.35e+00  0.00e+00  7.48e-01  1.00e+00  1.00e+00  1.00e+00
    1  -4.4542e+03  -1.3525e+03  9.12e+01  2.05e-02  6.27e+00  0.00e+00  7.38e-01  4.14e-01  9.92e-01  4.09e-01  6.17e-02  6.30e-01
    2  -4.5332e+03  -1.6755e+03  4.35e+01  9.60e-03  5.77e+00  0.00e+00  6.80e-01  2.15e-01  9.22e-01  1.95e-01  1.86e-01  6.43e-01
    3  -4.5459e+03  -1.9240e+03  2.75e+01  6.04e-03  5.29e+00  0.00e+00  6.23e-01  1.48e-01  8.24e-01  1.23e-01  2.07e-01  4.66e-01
    4  -4.5622e+03  -2.7759e+03  9.42e+00  2.06e-03  3.60e+00  0.00e+00  4.24e-01  7.45e-02  5.86e-01  4.22e-02  1.38e-01  7.62e-01
    5  -4.3197e+03  -2.9333e+03  5.44e+00  1.26e-03  2.79e+00  0.00e+00  3.28e-01  5.55e-02  4.12e-01  2.44e-02  1.71e-01  5.10e-01
    6  -3.9882e+03  -2.9207e+03  3.26e+00  8.17e-04  2.15e+00  0.00e+00  2.53e-01  4.32e-02  2.92e-01  1.46e-02  1.31e-01  4.61e-01
    7  -3.6084e+03  -3.0390e+03  1.49e+00  4.13e-04  1.14e+00  0.00e+00  1.35e-01  3.70e-02  1.41e-01  6.67e-03  1.96e-01  6.76e-01
    8  -3.4481e+03  -3.0446e+03  9.64e-01  2.80e-04  8.11e-01  0.00e+00  9.54e-02  3.39e-02  9.85e-02  4.32e-03  2.04e-01  4.43e-01
    9  -3.1995e+03  -3.0468e+03  3.46e-01  1.08e-04  3.07e-01  0.00e+00  3.61e-02  3.21e-02  3.62e-02  1.55e-03  7.05e-02  6.89e-01
   10  -3.1142e+03  -3.0400e+03  1.67e-01  5.35e-05  1.49e-01  0.00e+00  1.75e-02  3.18e-02  1.78e-02  7.47e-04  7.98e-02  5.64e-01
   11  -3.0420e+03  -3.0323e+03  2.16e-02  7.11e-06  1.94e-02  0.00e+00  2.29e-03  3.17e-02  2.39e-03  9.69e-05  2.80e-02  8.95e-01
   12  -3.0373e+03  -3.0332e+03  9.03e-03  2.97e-06  8.10e-03  0.00e+00  9.54e-04  3.17e-02  1.07e-03  4.04e-05  1.55e-01  6.89e-01
   13  -3.0338e+03  -3.0333e+03  1.09e-03  3.59e-07  9.77e-04  0.00e+00  1.15e-04  3.17e-02  1.30e-04  4.88e-06  7.82e-03  8.86e-01
   14  -3.0334e+03  -3.0333e+03  7.64e-05  2.52e-08  6.85e-05  0.00e+00  8.07e-06  3.17e-02  9.18e-06  3.42e-07  2.27e-03  9.32e-01
   15  -3.0333e+03  -3.0333e+03  5.92e-06  1.95e-09  5.31e-06  0.00e+00  6.25e-07  3.17e-02  7.11e-07  2.65e-08  2.02e-04  9.23e-01
   16  -3.0333e+03  -3.0333e+03  5.98e-08  1.97e-11  5.37e-08  0.00e+00  6.32e-09  3.17e-02  7.19e-09  2.68e-10  8.00e-06  9.90e-01
   17  -3.0333e+03  -3.0333e+03  9.95e-09  3.28e-12  8.93e-09  0.00e+00  1.05e-09  3.17e-02  1.20e-09  4.46e-11  8.77e-04  8.34e-01
optimal solution found; terminating

status is Optimal after 17 iterations and 15.442 seconds

took 21.009450248 seconds


instance syn05m02h
ran at: 2020-05-13T00:06:22.268
with solver: hypatia, system solver: qrchol_dense
number type : BigFloat


reading instance and constructing model...
took 1.352033076 seconds
building model...
took 10.215631999 seconds

solving model...

 iter        p_obj        d_obj   abs_gap   rel_gap    x_feas    y_feas    z_feas       tau       kap        mu     gamma     alpha
    0  -3.6260e+03  -4.8604e+02  2.23e+02  6.15e-02  6.35e+00  0.00e+00  7.48e-01  1.00e+00  1.00e+00  1.00e+00
    1  -4.4542e+03  -1.3525e+03  9.12e+01  2.05e-02  6.27e+00  0.00e+00  7.38e-01  4.14e-01  9.92e-01  4.09e-01  6.17e-02  6.30e-01
    2  -4.5332e+03  -1.6755e+03  4.35e+01  9.60e-03  5.77e+00  0.00e+00  6.80e-01  2.15e-01  9.22e-01  1.95e-01  1.86e-01  6.43e-01
    3  -4.5459e+03  -1.9240e+03  2.75e+01  6.04e-03  5.29e+00  0.00e+00  6.23e-01  1.48e-01  8.24e-01  1.23e-01  2.07e-01  4.66e-01
    4  -4.5622e+03  -2.7759e+03  9.42e+00  2.06e-03  3.60e+00  0.00e+00  4.24e-01  7.45e-02  5.86e-01  4.22e-02  1.38e-01  7.62e-01
    5  -4.3197e+03  -2.9333e+03  5.44e+00  1.26e-03  2.79e+00  0.00e+00  3.28e-01  5.55e-02  4.12e-01  2.44e-02  1.71e-01  5.10e-01
    6  -3.9882e+03  -2.9207e+03  3.26e+00  8.17e-04  2.15e+00  0.00e+00  2.53e-01  4.32e-02  2.92e-01  1.46e-02  1.31e-01  4.61e-01
    7  -3.6084e+03  -3.0390e+03  1.49e+00  4.13e-04  1.14e+00  0.00e+00  1.35e-01  3.70e-02  1.41e-01  6.67e-03  1.96e-01  6.76e-01
    8  -3.4481e+03  -3.0446e+03  9.64e-01  2.80e-04  8.11e-01  0.00e+00  9.54e-02  3.39e-02  9.85e-02  4.32e-03  2.04e-01  4.43e-01
    9  -3.1995e+03  -3.0468e+03  3.46e-01  1.08e-04  3.07e-01  0.00e+00  3.61e-02  3.21e-02  3.62e-02  1.55e-03  7.05e-02  6.89e-01
   10  -3.1142e+03  -3.0400e+03  1.67e-01  5.35e-05  1.49e-01  0.00e+00  1.75e-02  3.18e-02  1.78e-02  7.47e-04  7.98e-02  5.64e-01
   11  -3.0420e+03  -3.0323e+03  2.16e-02  7.11e-06  1.94e-02  0.00e+00  2.29e-03  3.17e-02  2.39e-03  9.69e-05  2.80e-02  8.95e-01
   12  -3.0373e+03  -3.0332e+03  9.03e-03  2.97e-06  8.10e-03  0.00e+00  9.54e-04  3.17e-02  1.07e-03  4.04e-05  1.55e-01  6.89e-01
   13  -3.0338e+03  -3.0333e+03  1.09e-03  3.59e-07  9.77e-04  0.00e+00  1.15e-04  3.17e-02  1.30e-04  4.88e-06  7.82e-03  8.86e-01
   14  -3.0334e+03  -3.0333e+03  7.64e-05  2.52e-08  6.85e-05  0.00e+00  8.07e-06  3.17e-02  9.18e-06  3.42e-07  2.27e-03  9.32e-01
   15  -3.0333e+03  -3.0333e+03  5.92e-06  1.95e-09  5.31e-06  0.00e+00  6.25e-07  3.17e-02  7.11e-07  2.65e-08  2.02e-04  9.23e-01
   16  -3.0333e+03  -3.0333e+03  5.98e-08  1.97e-11  5.37e-08  0.00e+00  6.32e-09  3.17e-02  7.19e-09  2.68e-10  8.00e-06  9.90e-01
   17  -3.0333e+03  -3.0333e+03  9.95e-09  3.28e-12  8.93e-09  0.00e+00  1.05e-09  3.17e-02  1.20e-09  4.46e-11  8.77e-04  8.34e-01
optimal solution found; terminating

status is Optimal after 17 iterations and 14.45 seconds

took 19.980622135 seconds


instance syn05m02h
ran at: 2020-05-14T10:33:09.721
with solver: hypatia, system solver: qrchol_dense


reading instance and constructing model...
took 1.349529744 seconds
building model...
took 10.169795057 seconds

solving model...

 iter        p_obj        d_obj   abs_gap   rel_gap    x_feas    y_feas    z_feas       tau       kap        mu     gamma     alpha
    0  -3.6260e+03  -4.8604e+02  2.23e+02  6.15e-02  6.35e+00  0.00e+00  7.48e-01  1.00e+00  1.00e+00  1.00e+00
    1  -4.4155e+03  -1.3121e+03  9.38e+01  2.13e-02  6.28e+00  0.00e+00  7.39e-01  4.26e-01  9.92e-01  4.21e-01  6.17e-02  6.17e-01
    2  -4.5039e+03  -1.6324e+03  4.56e+01  1.01e-02  5.80e+00  0.00e+00  6.83e-01  2.24e-01  9.27e-01  2.04e-01  1.83e-01  6.30e-01
    3  -4.3500e+03  -1.6422e+03  3.11e+01  7.16e-03  5.47e+00  0.00e+00  6.44e-01  1.62e-01  8.51e-01  1.40e-01  2.02e-01  3.97e-01
    4  -4.5730e+03  -2.8165e+03  9.02e+00  1.97e-03  3.54e+00  0.00e+00  4.16e-01  7.26e-02  6.20e-01  4.05e-02  3.00e-02  7.32e-01
    5  -4.4374e+03  -2.8099e+03  7.38e+00  1.66e-03  3.28e+00  0.00e+00  3.86e-01  6.41e-02  5.41e-01  3.31e-02  2.01e-01  2.28e-01
    6  -4.0287e+03  -3.0509e+03  2.88e+00  7.16e-04  1.96e+00  0.00e+00  2.31e-01  4.18e-02  3.03e-01  1.29e-02  1.25e-01  6.96e-01
    7  -3.5623e+03  -3.0701e+03  1.26e+00  3.55e-04  9.89e-01  0.00e+00  1.16e-01  3.64e-02  1.32e-01  5.66e-03  1.43e-01  6.56e-01
    8  -3.4439e+03  -3.0638e+03  9.04e-01  2.62e-04  7.63e-01  0.00e+00  8.98e-02  3.37e-02  9.98e-02  4.05e-03  2.07e-01  3.59e-01
    9  -3.2193e+03  -3.0546e+03  3.73e-01  1.16e-04  3.31e-01  0.00e+00  3.89e-02  3.21e-02  4.16e-02  1.67e-03  8.62e-02  6.43e-01
   10  -3.1166e+03  -3.0422e+03  1.68e-01  5.37e-05  1.49e-01  0.00e+00  1.76e-02  3.19e-02  1.91e-02  7.51e-04  1.34e-01  6.36e-01
   11  -3.0572e+03  -3.0348e+03  5.05e-02  1.65e-05  4.50e-02  0.00e+00  5.30e-03  3.19e-02  5.85e-03  2.26e-04  4.57e-02  7.32e-01
   12  -3.0387e+03  -3.0334e+03  1.19e-02  3.91e-06  1.06e-02  0.00e+00  1.25e-03  3.18e-02  1.38e-03  5.32e-05  6.90e-03  7.70e-01
   13  -3.0345e+03  -3.0333e+03  2.76e-03  9.08e-07  2.47e-03  0.00e+00  2.90e-04  3.18e-02  3.26e-04  1.23e-05  2.25e-02  7.86e-01
   14  -3.0338e+03  -3.0334e+03  9.50e-04  3.13e-07  8.51e-04  0.00e+00  1.00e-04  3.18e-02  1.20e-04  4.26e-06  1.58e-01  7.78e-01
   15  -3.0334e+03  -3.0333e+03  1.14e-04  3.75e-08  1.02e-04  0.00e+00  1.20e-05  3.18e-02  1.45e-05  5.10e-07  6.90e-03  8.86e-01
   16  -3.0334e+03  -3.0333e+03  3.08e-05  1.01e-08  2.76e-05  0.00e+00  3.25e-06  3.18e-02  4.10e-06  1.38e-07  1.35e-01  8.43e-01
   17  -3.0333e+03  -3.0333e+03  9.17e-07  3.02e-10  8.23e-07  0.00e+00  9.69e-08  3.18e-02  1.22e-07  4.11e-09  2.65e-05  9.70e-01
   18  -3.0333e+03  -3.0333e+03  5.91e-07  1.95e-10  5.39e-07  0.00e+00  6.30e-08  3.18e-02  8.00e-08  2.65e-09  1.70e-01  4.21e-01
   19  -3.0333e+03  -3.0333e+03  1.81e-07  5.96e-11  1.65e-07  0.00e+00  1.92e-08  3.18e-02  2.45e-08  8.11e-10  2.25e-02  7.10e-01
   20  -3.0333e+03  -3.0333e+03  1.28e-08  4.23e-12  9.15e-09  0.00e+00  1.13e-09  3.18e-02  1.44e-09  5.74e-11  1.18e-04  9.41e-01
optimal solution found; terminating

status is Optimal after 20 iterations and 11.554 seconds

took 15.526781588 seconds
┌ Warning: switching Hessian cache from Cholesky to Bunch Kaufman
└ @ Hypatia.Cones ~/.julia/dev/Hypatia/src/Cones/Cones.jl:94
┌ Warning: switching Hessian cache from Cholesky to Bunch Kaufman
└ @ Hypatia.Cones ~/.julia/dev/Hypatia/src/Cones/Cones.jl:94


instance syn05m02h
ran at: 2020-05-14T11:34:01.52
with solver: hypatia, system solver: qrchol_dense


reading instance and constructing model...
took 1.342659691 seconds
building model...
took 10.089135605 seconds

solving model...

 iter        p_obj        d_obj   abs_gap   rel_gap    x_feas    y_feas    z_feas       tau       kap        mu     gamma     alpha
    0  -3.6260e+03  -4.8604e+02  2.23e+02  6.15e-02  6.35e+00  0.00e+00  7.48e-01  1.00e+00  1.00e+00  1.00e+00
    1  -4.4155e+03  -1.3121e+03  9.38e+01  2.13e-02  6.28e+00  0.00e+00  7.39e-01  4.26e-01  9.92e-01  4.21e-01  6.17e-02  6.17e-01
    2  -4.5039e+03  -1.6324e+03  4.56e+01  1.01e-02  5.80e+00  0.00e+00  6.83e-01  2.24e-01  9.27e-01  2.04e-01  1.83e-01  6.30e-01
    3  -4.3500e+03  -1.6422e+03  3.11e+01  7.16e-03  5.47e+00  0.00e+00  6.44e-01  1.62e-01  8.51e-01  1.40e-01  2.02e-01  3.97e-01
    4  -4.5730e+03  -2.8165e+03  9.02e+00  1.97e-03  3.54e+00  0.00e+00  4.16e-01  7.26e-02  6.20e-01  4.05e-02  3.00e-02  7.32e-01
    5  -4.4374e+03  -2.8099e+03  7.38e+00  1.66e-03  3.28e+00  0.00e+00  3.86e-01  6.41e-02  5.41e-01  3.31e-02  2.01e-01  2.28e-01
    6  -4.0287e+03  -3.0509e+03  2.88e+00  7.16e-04  1.96e+00  0.00e+00  2.31e-01  4.18e-02  3.03e-01  1.29e-02  1.25e-01  6.96e-01
    7  -3.5623e+03  -3.0701e+03  1.26e+00  3.55e-04  9.89e-01  0.00e+00  1.16e-01  3.64e-02  1.32e-01  5.66e-03  1.43e-01  6.56e-01
    8  -3.4439e+03  -3.0638e+03  9.04e-01  2.62e-04  7.63e-01  0.00e+00  8.98e-02  3.37e-02  9.98e-02  4.05e-03  2.07e-01  3.59e-01
    9  -3.2193e+03  -3.0546e+03  3.73e-01  1.16e-04  3.31e-01  0.00e+00  3.89e-02  3.21e-02  4.16e-02  1.67e-03  8.62e-02  6.43e-01
   10  -3.1166e+03  -3.0422e+03  1.68e-01  5.37e-05  1.49e-01  0.00e+00  1.76e-02  3.19e-02  1.91e-02  7.51e-04  1.34e-01  6.36e-01
   11  -3.0572e+03  -3.0348e+03  5.05e-02  1.65e-05  4.50e-02  0.00e+00  5.30e-03  3.19e-02  5.85e-03  2.26e-04  4.57e-02  7.32e-01
   12  -3.0387e+03  -3.0334e+03  1.19e-02  3.91e-06  1.06e-02  0.00e+00  1.25e-03  3.18e-02  1.38e-03  5.32e-05  6.90e-03  7.70e-01
   13  -3.0345e+03  -3.0333e+03  2.76e-03  9.08e-07  2.47e-03  0.00e+00  2.90e-04  3.18e-02  3.26e-04  1.23e-05  2.25e-02  7.86e-01
   14  -3.0338e+03  -3.0334e+03  9.50e-04  3.13e-07  8.51e-04  0.00e+00  1.00e-04  3.18e-02  1.20e-04  4.26e-06  1.58e-01  7.78e-01
   15  -3.0334e+03  -3.0333e+03  1.14e-04  3.75e-08  1.02e-04  0.00e+00  1.20e-05  3.18e-02  1.45e-05  5.10e-07  6.90e-03  8.86e-01
   16  -3.0334e+03  -3.0333e+03  3.08e-05  1.02e-08  2.76e-05  0.00e+00  3.25e-06  3.18e-02  4.11e-06  1.38e-07  1.35e-01  8.43e-01
   17  -3.0333e+03  -3.0333e+03  1.22e-06  4.01e-10  1.09e-06  0.00e+00  1.28e-07  3.18e-02  1.62e-07  5.46e-09  2.65e-05  9.60e-01
   18  -3.0333e+03  -3.0333e+03  9.02e-07  2.97e-10  8.17e-07  0.00e+00  9.63e-08  3.18e-02  1.22e-07  4.05e-09  1.37e-01  2.90e-01
   19  -3.0333e+03  -3.0333e+03  8.82e-07  2.91e-10  7.99e-07  0.00e+00  9.41e-08  3.18e-02  1.19e-07  3.95e-09  2.45e-01  2.97e-02

status is NumericalFailure after 19 iterations and 9.341 seconds

took 13.424565428 seconds
┌ Warning: switching Hessian cache from Cholesky to Bunch Kaufman
└ @ Hypatia.Cones ~/.julia/dev/Hypatia/src/Cones/Cones.jl:94
┌ Warning: switching Hessian cache from Cholesky to Bunch Kaufman
└ @ Hypatia.Cones ~/.julia/dev/Hypatia/src/Cones/Cones.jl:94
┌ Warning: very small alpha
└ @ Hypatia.Solvers ~/.julia/dev/Hypatia/src/Solvers/stepper.jl:211
┌ Warning: Hypatia status NumericalFailure not handled
└ @ Hypatia ~/.julia/dev/Hypatia/src/MathOptInterface/wrapper.jl:530

