
instance syn05m03m
ran at: 2020-05-11T16:49:48.839
with solver: hypatia, system solver: qrchol_dense
number type : BigFloat

┌ Warning: Package Hypatia does not have ForwardDiff in its dependencies:
│ - If you have Hypatia checked out for development and have
│   added ForwardDiff as a dependency but haven't updated your primary
│   environment's manifest file, try `Pkg.resolve()`.
│ - Otherwise you may need to report an issue with Hypatia
└ Loading ForwardDiff into Hypatia from project dependency, future warnings for Hypatia are suppressed.

reading instance and constructing model...
took 1.238335125 seconds
building model...
took 9.472007305 seconds

solving model...

 iter        p_obj        d_obj   abs_gap   rel_gap    x_feas    y_feas    z_feas       tau       kap        mu     gamma     alpha
    0  -3.5293e+03  -4.5412e+02  2.97e+02  8.42e-02  7.89e+01  0.00e+00  7.09e-01  1.00e+00  1.00e+00  1.00e+00
    1  -5.5860e+03  -2.5408e+03  6.06e+01  1.08e-02  7.81e+01  0.00e+00  7.01e-01  2.06e-01  9.97e-01  2.04e-01  3.63e-02  8.26e-01
    2  -6.5696e+03  -3.8543e+03  2.03e+01  3.09e-03  6.94e+01  0.00e+00  6.24e-01  7.78e-02  9.27e-01  6.84e-02  1.37e-01  7.70e-01
    3  -6.4339e+03  -4.1117e+03  1.10e+01  1.71e-03  5.92e+01  0.00e+00  5.32e-01  4.92e-02  7.62e-01  3.69e-02  1.51e-01  5.42e-01
    4  -5.8264e+03  -4.7294e+03  3.56e+00  6.11e-04  2.79e+01  0.00e+00  2.51e-01  3.39e-02  3.36e-01  1.20e-02  1.66e-01  8.10e-01
    5  -5.1431e+03  -4.8224e+03  1.03e+00  2.00e-04  8.18e+00  0.00e+00  7.35e-02  3.34e-02  7.49e-02  3.46e-03  1.30e-01  8.18e-01
    6  -5.0191e+03  -4.8321e+03  5.97e-01  1.19e-04  4.77e+00  0.00e+00  4.28e-02  3.33e-02  4.54e-02  2.01e-03  1.62e-01  5.00e-01
    7  -4.9150e+03  -4.8459e+03  2.22e-01  4.52e-05  1.76e+00  0.00e+00  1.58e-02  3.35e-02  1.78e-02  7.48e-04  1.08e-01  7.03e-01
    8  -4.8607e+03  -4.8453e+03  4.98e-02  1.02e-05  3.91e-01  0.00e+00  3.51e-03  3.38e-02  4.25e-03  1.68e-04  7.92e-02  8.43e-01
    9  -4.8553e+03  -4.8448e+03  3.39e-02  6.99e-06  2.66e-01  0.00e+00  2.39e-03  3.39e-02  2.94e-03  1.14e-04  1.48e-01  3.73e-01
   10  -4.8510e+03  -4.8451e+03  1.90e-02  3.93e-06  1.49e-01  0.00e+00  1.34e-03  3.39e-02  1.68e-03  6.41e-05  1.48e-01  5.15e-01
   11  -4.8463e+03  -4.8449e+03  4.52e-03  9.32e-07  3.54e-02  0.00e+00  3.18e-04  3.39e-02  4.22e-04  1.52e-05  1.22e-01  8.69e-01
   12  -4.8453e+03  -4.8448e+03  1.45e-03  3.00e-07  1.14e-02  0.00e+00  1.02e-04  3.39e-02  1.37e-04  4.89e-06  8.30e-02  7.40e-01
   13  -4.8448e+03  -4.8448e+03  1.80e-04  3.72e-08  1.41e-03  0.00e+00  1.27e-05  3.39e-02  1.73e-05  6.06e-07  4.09e-02  9.13e-01
   14  -4.8448e+03  -4.8447e+03  2.74e-05  5.65e-09  2.14e-04  0.00e+00  1.93e-06  3.39e-02  2.65e-06  9.21e-08  4.32e-02  8.86e-01
   15  -4.8448e+03  -4.8447e+03  9.12e-06  1.88e-09  7.15e-05  0.00e+00  6.42e-07  3.39e-02  8.86e-07  3.07e-08  6.17e-02  7.10e-01
   16  -4.8447e+03  -4.8447e+03  2.52e-06  5.19e-10  1.97e-05  0.00e+00  1.77e-07  3.39e-02  2.45e-07  8.47e-09  2.08e-02  7.40e-01
   17  -4.8447e+03  -4.8447e+03  5.99e-07  1.24e-10  4.69e-06  0.00e+00  4.22e-08  3.39e-02  5.85e-08  2.02e-09  5.88e-02  8.10e-01
   18  -4.8447e+03  -4.8447e+03  4.25e-07  8.77e-11  3.33e-06  0.00e+00  2.99e-08  3.39e-02  4.15e-08  1.43e-09  6.75e-02  3.12e-01
   19  -4.8447e+03  -4.8447e+03  1.60e-07  3.29e-11  1.25e-06  0.00e+00  1.12e-08  3.39e-02  1.57e-08  5.37e-10  1.30e-01  7.18e-01
   20  -4.8447e+03  -4.8447e+03  1.97e-08  4.07e-12  1.55e-07  0.00e+00  1.39e-09  3.39e-02  1.93e-09  6.64e-11  1.15e-03  8.77e-01
   21  -4.8447e+03  -4.8447e+03  2.32e-09  4.79e-13  1.82e-08  0.00e+00  1.63e-10  3.39e-02  2.29e-10  7.82e-12  5.34e-02  9.32e-01
   22  -4.8447e+03  -4.8447e+03  6.77e-10  1.40e-13  5.30e-09  0.00e+00  4.77e-11  3.39e-02  6.68e-11  2.28e-12  2.75e-03  7.10e-01
optimal solution found; terminating

status is Optimal after 22 iterations and 29.171 seconds

took 34.366279383 seconds

