
reading instance and constructing model...
took 0.001220554 seconds
building model...
took 0.009617001 seconds

solving model...

 iter        p_obj        d_obj   abs_gap   rel_gap    x_feas    y_feas    z_feas       tau       kap        mu     gamma     alpha
    0  -5.1566e+02  -7.6699e+01  8.90e+01  1.73e-01  4.38e+00  0.00e+00  6.18e-01  1.00e+00  1.00e+00  1.00e+00
aff_alpha = 0.5693875609832346
alpha = 0.8862962332289577
    1  -9.6600e+02  -5.2821e+02  1.64e+01  1.70e-02  4.32e+00  0.00e+00  6.10e-01  1.87e-01  9.98e-01  1.84e-01  7.98e-02  8.86e-01
aff_alpha = 0.19627188487162278
alpha = 0.27901418437620024
    2  -9.5386e+02  -5.5431e+02  1.28e+01  1.34e-02  3.94e+00  0.00e+00  5.55e-01  1.59e-01  8.91e-01  1.43e-01  2.01e-01  2.79e-01
aff_alpha = 0.6110561278089117
alpha = 0.7033773502300693
    3  -1.2321e+03  -9.6021e+02  4.31e+00  3.50e-03  2.64e+00  0.00e+00  3.72e-01  8.04e-02  6.45e-01  4.85e-02  5.88e-02  7.03e-01
aff_alpha = 0.1688052743650323
alpha = 0.11179670163533485
    4  -1.1799e+03  -9.1775e+02  3.93e+00  3.33e-03  2.54e+00  0.00e+00  3.58e-01  7.61e-02  6.04e-01  4.42e-02  2.08e-01  1.12e-01
aff_alpha = 0.4341879036591324
alpha = 0.5582103119340088
    5  -1.0555e+03  -8.7683e+02  2.05e+00  1.94e-03  1.72e+00  0.00e+00  2.43e-01  5.84e-02  3.68e-01  2.30e-02  1.41e-01  5.58e-01
aff_alpha = 0.5988961108655143
alpha = 0.7546438152749123
    6  -9.2271e+02  -8.5033e+02  6.02e-01  6.53e-04  6.90e-01  0.00e+00  9.73e-02  4.29e-02  1.44e-01  6.76e-03  6.45e-02  7.55e-01
aff_alpha = 0.5988961108655143
alpha = 0.7322301393174321
    7  -8.7525e+02  -8.5039e+02  1.90e-01  2.17e-04  2.36e-01  0.00e+00  3.34e-02  3.94e-02  4.75e-02  2.13e-03  6.45e-02  7.32e-01
aff_alpha = 0.36233578065871064
alpha = 0.8686589381877015
    8  -8.4837e+02  -8.4134e+02  5.12e-02  6.04e-05  6.67e-02  0.00e+00  9.41e-03  3.77e-02  1.37e-02  5.75e-04  1.59e-01  8.69e-01
aff_alpha = 0.6425473409245097
alpha = 0.7470973771221632
    9  -8.4127e+02  -8.3924e+02  1.47e-02  1.75e-05  1.92e-02  0.00e+00  2.71e-03  3.76e-02  3.97e-03  1.65e-04  4.57e-02  7.47e-01
aff_alpha = 0.7935349222152911
alpha = 0.8260860069732031
   10  -8.3848e+02  -8.3811e+02  2.66e-03  3.18e-06  3.48e-03  0.00e+00  4.92e-04  3.76e-02  7.19e-04  2.99e-05  8.80e-03  8.26e-01
aff_alpha = 0.3339322209972611
alpha = 0.6622158127798851
   11  -8.3828e+02  -8.3812e+02  1.19e-03  1.42e-06  1.56e-03  0.00e+00  2.20e-04  3.76e-02  3.30e-04  1.34e-05  1.67e-01  6.62e-01
aff_alpha = 0.941087623240657
alpha = 0.9602206628951528
   12  -8.3802e+02  -8.3801e+02  4.77e-05  5.69e-08  6.22e-05  0.00e+00  8.78e-06  3.77e-02  1.30e-05  5.35e-07  2.04e-04  9.60e-01
aff_alpha = 0.9604999503989999
alpha = 0.9702019701
   13  -8.3801e+02  -8.3801e+02  1.43e-06  1.71e-09  1.87e-06  0.00e+00  2.62e-07  3.77e-02  3.91e-07  1.61e-08  6.16e-05  9.70e-01
aff_alpha = 0.4430036768280098
alpha = 0.8686589381877015
   14  -8.3801e+02  -8.3801e+02  3.68e-07  4.39e-10  4.81e-07  0.00e+00  6.61e-08  3.77e-02  1.03e-07  4.13e-09  1.39e-01  8.69e-01
aff_alpha = 0.9799881276626653
alpha = 0.9701967963127863
   15  -8.3801e+02  -8.3801e+02  1.54e-08  1.84e-11  2.68e-07  0.00e+00  1.97e-09  3.77e-02  3.07e-09  1.73e-10  8.01e-06  9.70e-01
aff_alpha = 0.8178251443740804
alpha = 0.5582103119340088
   16  -8.3801e+02  -8.3801e+02  6.84e-09  8.16e-12  1.20e-07  0.00e+00  8.78e-10  3.77e-02  1.37e-09  7.65e-11  6.05e-03  5.58e-01
aff_alpha = 0.65559359874419
alpha = 0.6425473409245097
   17  -8.3801e+02  -8.3801e+02  2.27e-09  2.71e-12  3.05e-08  0.00e+00  3.37e-10  3.77e-02  5.44e-10  2.55e-11  4.09e-02  6.43e-01
aff_alpha = 0.2993504522203504
alpha = 0.3377206254588119
   18  -8.3801e+02  -8.3801e+02  1.81e-09  2.16e-12  2.16e-08  0.00e+00  2.43e-10  3.77e-02  4.00e-10  2.03e-11  1.75e-01  3.38e-01
aff_alpha = 0.8428588983799638
alpha = 0.16544604940516813
   19  -8.3801e+02  -8.3801e+02  1.18e-09  1.41e-12  1.84e-08  0.00e+00  2.03e-10  3.77e-02  3.34e-10  1.33e-11  3.88e-03  1.65e-01
aff_alpha = 0.15892681165481393
alpha = 0.0014844400655484797
   20  -8.3801e+02  -8.3801e+02  1.18e-09  1.40e-12  1.86e-08  0.00e+00  2.03e-10  3.77e-02  3.34e-10  1.32e-11  2.10e-01  1.48e-03
aff_alpha = 0.8599723311555598
alpha = 0.002153081490676405
   21  -8.3801e+02  -8.3801e+02  1.70e-09  2.03e-12  1.58e-08  0.00e+00  2.02e-10  3.77e-02  3.33e-10  1.90e-11  2.75e-03  2.15e-03
aff_alpha = 0.8260860027419588
alpha = 0.8178251469034711
   22  -8.3801e+02  -8.3801e+02  7.04e-10  8.40e-13  3.85e-09  0.00e+00  3.77e-11  3.77e-02  6.29e-11  7.85e-12  5.26e-03  8.18e-01
optimal solution found; terminating

status is Optimal after 22 iterations and 2.474 seconds

took 2.474724562 seconds
