
reading instance and constructing model...
took 0.000795159 seconds
building model...
took 0.006803256 seconds

solving model...

 iter        p_obj        d_obj   abs_gap   rel_gap    x_feas    y_feas    z_feas       tau       kap        mu     gamma     alpha
    0  -3.9061e+02  -5.1914e+01  5.90e+01  1.51e-01  9.43e+00  0.00e+00  5.87e-01  1.00e+00  1.00e+00  1.00e+00
aff_alpha = 0.7176587595450151
alpha = 0.8599723488058244
    1  -7.2116e+02  -3.8075e+02  9.40e+00  1.30e-02  9.33e+00  0.00e+00  5.81e-01  1.61e-01  9.98e-01  1.59e-01  2.25e-02  8.60e-01
aff_alpha = 0.5752972145019307
alpha = 0.7033773502300693
    2  -1.2181e+03  -9.0887e+02  3.29e+00  2.70e-03  8.23e+00  0.00e+00  5.12e-01  6.40e-02  9.21e-01  5.59e-02  7.66e-02  7.03e-01
aff_alpha = 0.42554756437631563
alpha = 0.7699661414905747
    3  -1.2021e+03  -1.0342e+03  1.12e+00  9.33e-04  4.36e+00  0.00e+00  2.71e-01  4.11e-02  4.82e-01  1.90e-02  1.44e-01  7.70e-01
aff_alpha = 0.5752972145019307
alpha = 0.6689048613938233
    4  -1.2115e+03  -1.1338e+03  4.30e-01  3.55e-04  2.01e+00  0.00e+00  1.25e-01  3.41e-02  1.97e-01  7.28e-03  7.66e-02  6.69e-01
aff_alpha = 0.4430036768280098
alpha = 0.7470973771221632
    5  -1.1618e+03  -1.1325e+03  1.54e-01  1.32e-04  7.61e-01  0.00e+00  4.74e-02  3.22e-02  6.69e-02  2.60e-03  1.39e-01  7.47e-01
aff_alpha = 0.5308524524008177
alpha = 0.8862962332289577
    6  -1.1512e+03  -1.1450e+03  3.15e-02  2.74e-05  1.62e-01  0.00e+00  1.01e-02  3.11e-02  1.50e-02  5.33e-04  1.03e-01  8.86e-01
aff_alpha = 0.7176587595450151
alpha = 0.8513726253177661
    7  -1.1453e+03  -1.1443e+03  5.29e-03  4.62e-06  2.74e-02  0.00e+00  1.70e-03  3.08e-02  2.55e-03  8.94e-05  2.25e-02  8.51e-01
aff_alpha = 0.6110561278089117
alpha = 0.8513726253177661
    8  -1.1447e+03  -1.1445e+03  1.05e-03  9.17e-07  5.44e-03  0.00e+00  3.39e-04  3.08e-02  5.25e-04  1.78e-05  5.88e-02  8.51e-01
aff_alpha = 0.5416309074592569
alpha = 0.8774332708966681
    9  -1.1446e+03  -1.1445e+03  2.17e-04  1.90e-07  1.13e-03  0.00e+00  7.01e-05  3.08e-02  1.13e-04  3.68e-06  9.63e-02  8.77e-01
aff_alpha = 0.95089495089501
alpha = 0.9413860013860599
   10  -1.1445e+03  -1.1445e+03  1.28e-05  1.11e-08  6.62e-05  0.00e+00  4.12e-06  3.08e-02  6.64e-06  2.16e-07  1.18e-04  9.41e-01
aff_alpha = 0.4800747741715794
alpha = 0.9999
   11  -1.1445e+03  -1.1445e+03  1.66e-06  1.45e-09  8.61e-06  0.00e+00  5.36e-07  3.08e-02  9.12e-07  2.81e-08  1.30e-01  1.00e+00
aff_alpha = 0.9702019701
alpha = 0.9702019701
   12  -1.1445e+03  -1.1445e+03  4.95e-08  4.32e-11  2.57e-07  0.00e+00  1.60e-08  3.08e-02  2.72e-08  8.38e-10  2.65e-05  9.70e-01
aff_alpha = 0.5583437256592214
alpha = 0.23277572202066105
   13  -1.1445e+03  -1.1445e+03  5.11e-08  4.47e-11  4.24e-06  0.00e+00  1.10e-08  3.51e-02  1.83e-08  8.63e-10  8.61e-02  2.33e-01
aff_alpha = 0.5752972145019307
alpha = 0.27346180210711385
   14  -1.1445e+03  -1.1445e+03  3.82e-08  3.34e-11  3.16e-06  0.00e+00  8.25e-09  3.51e-02  1.38e-08  6.44e-10  7.66e-02  2.73e-01
aff_alpha = 0.8392690961587075
alpha = 0.8096468954344364
   15  -1.1445e+03  -1.1445e+03  1.36e-08  1.19e-11  1.64e-06  0.00e+00  1.59e-09  3.51e-02  2.70e-09  2.28e-10  4.15e-03  8.10e-01
aff_alpha = 0.6043786070208813
alpha = 0.4705395829214913
   16  -1.1445e+03  -1.1445e+03  1.21e-08  1.06e-11  1.53e-05  0.00e+00  8.93e-10  3.51e-02  1.63e-09  2.03e-10  6.19e-02  4.71e-01
aff_alpha = 0.8773226902722318
alpha = 0.16053213629178523
   17  -1.1445e+03  -1.1445e+03  9.80e-09  8.56e-12  1.28e-05  0.00e+00  7.50e-10  3.51e-02  1.37e-09  1.64e-10  1.85e-03  1.61e-01
aff_alpha = 0.5695442423569114
alpha = 0.0

status is NumericalFailure after 17 iterations and 1.812 seconds

took 1.812728876 seconds
