
instance syn05m04m
ran at: 2020-05-12T18:19:15.503
with solver: hypatia, system solver: qrchol_dense
number type : Float64


reading instance and constructing model...
took 1.381531045 seconds
building model...
took 10.143985917 seconds

solving model...

 iter        p_obj        d_obj   abs_gap   rel_gap    x_feas    y_feas    z_feas       tau       kap        mu     gamma     alpha
    0  -4.9150e+03  -6.2749e+02  4.26e+02  8.67e-02  9.41e+01  0.00e+00  7.09e-01  1.00e+00  1.00e+00  1.00e+00
    1  -7.5643e+03  -3.3176e+03  9.02e+01  1.19e-02  9.31e+01  0.00e+00  7.02e-01  2.14e-01  9.97e-01  2.12e-01  4.57e-02  8.26e-01
    2  -9.0280e+03  -5.2352e+03  3.02e+01  3.35e-03  8.30e+01  0.00e+00  6.25e-01  8.05e-02  9.29e-01  7.10e-02  1.37e-01  7.70e-01
    3  -8.8765e+03  -5.6366e+03  1.62e+01  1.83e-03  7.08e+01  0.00e+00  5.33e-01  5.07e-02  7.63e-01  3.81e-02  1.54e-01  5.47e-01
    4  -8.0174e+03  -6.3922e+03  5.72e+00  7.14e-04  3.55e+01  0.00e+00  2.67e-01  3.57e-02  3.53e-01  1.34e-02  1.67e-01  7.78e-01
    5  -7.0687e+03  -6.5669e+03  1.73e+00  2.44e-04  1.10e+01  0.00e+00  8.26e-02  3.48e-02  8.26e-02  4.05e-03  1.29e-01  8.02e-01
    6  -6.9305e+03  -6.5562e+03  1.27e+00  1.83e-04  8.18e+00  0.00e+00  6.16e-02  3.43e-02  6.35e-02  2.98e-03  2.10e-01  3.34e-01
    7  -6.8294e+03  -6.5785e+03  8.53e-01  1.25e-04  5.48e+00  0.00e+00  4.13e-02  3.44e-02  4.38e-02  2.00e-03  1.62e-01  3.93e-01
    8  -6.6773e+03  -6.5902e+03  2.97e-01  4.45e-05  1.90e+00  0.00e+00  1.43e-02  3.45e-02  1.57e-02  6.98e-04  6.45e-02  6.96e-01
    9  -6.6172e+03  -6.5883e+03  9.91e-02  1.50e-05  6.32e-01  0.00e+00  4.76e-03  3.47e-02  5.72e-03  2.33e-04  1.43e-01  7.78e-01
   10  -6.5941e+03  -6.5883e+03  2.01e-02  3.05e-06  1.28e-01  0.00e+00  9.62e-04  3.48e-02  1.19e-03  4.71e-05  3.47e-02  8.26e-01
   11  -6.5932e+03  -6.5881e+03  1.73e-02  2.63e-06  1.10e-01  0.00e+00  8.28e-04  3.48e-02  1.03e-03  4.06e-05  1.97e-01  1.72e-01
   12  -6.5898e+03  -6.5880e+03  6.45e-03  9.79e-07  4.10e-02  0.00e+00  3.09e-04  3.47e-02  4.00e-04  1.51e-05  1.52e-01  7.40e-01
   13  -6.5888e+03  -6.5879e+03  3.23e-03  4.90e-07  2.05e-02  0.00e+00  1.55e-04  3.47e-02  2.04e-04  7.58e-06  1.91e-01  6.17e-01
   14  -6.5882e+03  -6.5878e+03  1.41e-03  2.13e-07  8.94e-03  0.00e+00  6.74e-05  3.47e-02  9.02e-05  3.30e-06  1.22e-01  6.43e-01
   15  -6.5879e+03  -6.5877e+03  6.00e-04  9.10e-08  3.81e-03  0.00e+00  2.87e-05  3.47e-02  3.89e-05  1.41e-06  1.43e-01  6.69e-01
   16  -6.5878e+03  -6.5877e+03  1.76e-04  2.68e-08  1.12e-03  0.00e+00  8.45e-06  3.47e-02  1.15e-05  4.14e-07  6.45e-02  7.55e-01
   17  -6.5877e+03  -6.5877e+03  4.41e-05  6.69e-09  2.81e-04  0.00e+00  2.11e-06  3.47e-02  2.89e-06  1.04e-07  2.61e-02  7.70e-01
   18  -6.5877e+03  -6.5877e+03  1.28e-05  1.94e-09  8.12e-05  0.00e+00  6.12e-07  3.47e-02  8.43e-07  2.99e-08  8.62e-02  7.78e-01
   19  -6.5877e+03  -6.5877e+03  5.28e-06  8.02e-10  3.36e-05  0.00e+00  2.53e-07  3.47e-02  3.50e-07  1.24e-08  5.08e-02  6.17e-01
   20  -6.5877e+03  -6.5877e+03  1.81e-06  2.75e-10  1.15e-05  0.00e+00  8.67e-08  3.47e-02  1.20e-07  4.25e-09  6.92e-03  6.62e-01
   21  -6.5877e+03  -6.5877e+03  9.89e-07  1.50e-10  6.30e-06  0.00e+00  4.74e-08  3.47e-02  6.57e-08  2.32e-09  5.61e-02  4.80e-01
   22  -6.5877e+03  -6.5877e+03  3.75e-07  5.69e-11  2.40e-06  0.00e+00  1.81e-08  3.47e-02  2.51e-08  8.79e-10  4.82e-02  6.49e-01
   23  -6.5877e+03  -6.5877e+03  1.10e-07  1.67e-11  6.86e-07  0.00e+00  5.18e-09  3.47e-02  7.20e-09  2.58e-10  9.98e-02  7.94e-01
   24  -6.5877e+03  -6.5877e+03  8.87e-08  1.35e-11  5.72e-07  0.00e+00  4.28e-09  3.47e-02  5.96e-09  2.08e-10  1.95e-01  2.15e-01
   25  -6.5877e+03  -6.5877e+03  7.18e-08  1.09e-11  4.67e-07  0.00e+00  3.49e-09  3.47e-02  4.85e-09  1.68e-10  1.59e-01  2.21e-01
   26  -6.5877e+03  -6.5877e+03  7.01e-08  1.06e-11  4.56e-07  0.00e+00  3.41e-09  3.47e-02  4.74e-09  1.65e-10  8.95e-02  2.53e-02

status is NumericalFailure after 26 iterations and 22.306 seconds

took 26.467969836 seconds
┌ Warning: very small alpha
└ @ Hypatia.Solvers ~/.julia/dev/Hypatia/src/Solvers/stepper.jl:211
┌ Warning: Hypatia status NumericalFailure not handled
└ @ Hypatia ~/.julia/dev/Hypatia/src/MathOptInterface/wrapper.jl:530


instance syn05m04m
ran at: 2020-05-12T21:20:22.079
with solver: hypatia, system solver: qrchol_dense
number type : BigFloat


reading instance and constructing model...
took 1.388051406 seconds
building model...
took 10.202187182 seconds

solving model...

 iter        p_obj        d_obj   abs_gap   rel_gap    x_feas    y_feas    z_feas       tau       kap        mu     gamma     alpha
    0  -4.9150e+03  -6.2749e+02  4.26e+02  8.67e-02  9.41e+01  0.00e+00  7.09e-01  1.00e+00  1.00e+00  1.00e+00
    1  -7.5643e+03  -3.3176e+03  9.02e+01  1.19e-02  9.31e+01  0.00e+00  7.02e-01  2.14e-01  9.97e-01  2.12e-01  4.57e-02  8.26e-01
    2  -9.0280e+03  -5.2352e+03  3.02e+01  3.35e-03  8.30e+01  0.00e+00  6.25e-01  8.05e-02  9.29e-01  7.10e-02  1.37e-01  7.70e-01
    3  -8.8765e+03  -5.6366e+03  1.62e+01  1.83e-03  7.08e+01  0.00e+00  5.33e-01  5.07e-02  7.63e-01  3.81e-02  1.54e-01  5.47e-01
    4  -8.0174e+03  -6.3922e+03  5.72e+00  7.14e-04  3.55e+01  0.00e+00  2.67e-01  3.57e-02  3.53e-01  1.34e-02  1.67e-01  7.78e-01
    5  -7.0687e+03  -6.5669e+03  1.73e+00  2.44e-04  1.10e+01  0.00e+00  8.26e-02  3.48e-02  8.26e-02  4.05e-03  1.29e-01  8.02e-01
    6  -6.9305e+03  -6.5562e+03  1.27e+00  1.83e-04  8.18e+00  0.00e+00  6.16e-02  3.43e-02  6.35e-02  2.98e-03  2.10e-01  3.34e-01
    7  -6.8294e+03  -6.5785e+03  8.53e-01  1.25e-04  5.48e+00  0.00e+00  4.13e-02  3.44e-02  4.38e-02  2.00e-03  1.62e-01  3.93e-01
    8  -6.6773e+03  -6.5902e+03  2.97e-01  4.45e-05  1.90e+00  0.00e+00  1.43e-02  3.45e-02  1.57e-02  6.98e-04  6.45e-02  6.96e-01
    9  -6.6172e+03  -6.5883e+03  9.91e-02  1.50e-05  6.32e-01  0.00e+00  4.76e-03  3.47e-02  5.72e-03  2.33e-04  1.43e-01  7.78e-01
   10  -6.5941e+03  -6.5883e+03  2.01e-02  3.05e-06  1.28e-01  0.00e+00  9.62e-04  3.48e-02  1.19e-03  4.71e-05  3.47e-02  8.26e-01
   11  -6.5932e+03  -6.5881e+03  1.73e-02  2.63e-06  1.10e-01  0.00e+00  8.28e-04  3.48e-02  1.03e-03  4.06e-05  1.97e-01  1.72e-01
   12  -6.5898e+03  -6.5880e+03  6.45e-03  9.79e-07  4.10e-02  0.00e+00  3.09e-04  3.47e-02  4.00e-04  1.51e-05  1.52e-01  7.40e-01
   13  -6.5888e+03  -6.5879e+03  3.23e-03  4.90e-07  2.05e-02  0.00e+00  1.55e-04  3.47e-02  2.04e-04  7.58e-06  1.91e-01  6.17e-01
   14  -6.5882e+03  -6.5878e+03  1.41e-03  2.13e-07  8.94e-03  0.00e+00  6.74e-05  3.47e-02  9.02e-05  3.30e-06  1.22e-01  6.43e-01
   15  -6.5879e+03  -6.5877e+03  6.00e-04  9.10e-08  3.81e-03  0.00e+00  2.87e-05  3.47e-02  3.89e-05  1.41e-06  1.43e-01  6.69e-01
   16  -6.5878e+03  -6.5877e+03  1.76e-04  2.68e-08  1.12e-03  0.00e+00  8.45e-06  3.47e-02  1.15e-05  4.14e-07  6.45e-02  7.55e-01
   17  -6.5877e+03  -6.5877e+03  4.41e-05  6.69e-09  2.81e-04  0.00e+00  2.11e-06  3.47e-02  2.89e-06  1.04e-07  2.61e-02  7.70e-01
   18  -6.5877e+03  -6.5877e+03  1.28e-05  1.94e-09  8.12e-05  0.00e+00  6.12e-07  3.47e-02  8.43e-07  2.99e-08  8.62e-02  7.78e-01
   19  -6.5877e+03  -6.5877e+03  5.34e-06  8.10e-10  3.40e-05  0.00e+00  2.56e-07  3.47e-02  3.53e-07  1.25e-08  4.82e-02  6.11e-01
   20  -6.5877e+03  -6.5877e+03  6.28e-07  9.54e-11  4.00e-06  0.00e+00  3.01e-08  3.47e-02  4.16e-08  1.48e-09  4.54e-03  8.86e-01
   21  -6.5877e+03  -6.5877e+03  3.40e-07  5.16e-11  2.16e-06  0.00e+00  1.63e-08  3.47e-02  2.25e-08  7.98e-10  3.41e-02  4.75e-01
   22  -6.5877e+03  -6.5877e+03  1.58e-07  2.40e-11  1.01e-06  0.00e+00  7.58e-09  3.47e-02  1.05e-08  3.71e-10  1.34e-01  6.17e-01
   23  -6.5877e+03  -6.5877e+03  1.07e-07  1.63e-11  6.82e-07  0.00e+00  5.14e-09  3.47e-02  7.14e-09  2.52e-10  1.37e-01  3.73e-01
   24  -6.5877e+03  -6.5877e+03  4.33e-08  6.57e-12  2.75e-07  0.00e+00  2.07e-09  3.47e-02  2.89e-09  1.02e-10  5.34e-02  6.30e-01
   25  -6.5877e+03  -6.5877e+03  3.13e-09  4.75e-13  1.99e-08  0.00e+00  1.50e-10  3.47e-02  2.10e-10  7.34e-12  3.41e-02  9.60e-01
   26  -6.5877e+03  -6.5877e+03  2.43e-10  3.68e-14  1.54e-09  0.00e+00  1.16e-11  3.47e-02  1.63e-11  5.69e-13  2.01e-04  9.23e-01
optimal solution found; terminating

status is Optimal after 26 iterations and 65.666 seconds

took 71.161122082 seconds


instance syn05m04m
ran at: 2020-05-12T22:41:16.576
with solver: hypatia, system solver: qrchol_dense
number type : BigFloat


reading instance and constructing model...
took 1.380398998 seconds
building model...
took 10.071329528 seconds

solving model...

 iter        p_obj        d_obj   abs_gap   rel_gap    x_feas    y_feas    z_feas       tau       kap        mu     gamma     alpha
    0  -4.9150e+03  -6.2749e+02  4.26e+02  8.67e-02  9.41e+01  0.00e+00  7.09e-01  1.00e+00  1.00e+00  1.00e+00
    1  -7.5643e+03  -3.3176e+03  9.02e+01  1.19e-02  9.31e+01  0.00e+00  7.02e-01  2.14e-01  9.97e-01  2.12e-01  4.57e-02  8.26e-01
    2  -9.0280e+03  -5.2352e+03  3.02e+01  3.35e-03  8.30e+01  0.00e+00  6.25e-01  8.05e-02  9.29e-01  7.10e-02  1.37e-01  7.70e-01
    3  -8.8765e+03  -5.6366e+03  1.62e+01  1.83e-03  7.08e+01  0.00e+00  5.33e-01  5.07e-02  7.63e-01  3.81e-02  1.54e-01  5.47e-01
    4  -8.0174e+03  -6.3922e+03  5.72e+00  7.14e-04  3.55e+01  0.00e+00  2.67e-01  3.57e-02  3.53e-01  1.34e-02  1.67e-01  7.78e-01
    5  -7.0687e+03  -6.5669e+03  1.73e+00  2.44e-04  1.10e+01  0.00e+00  8.26e-02  3.48e-02  8.26e-02  4.05e-03  1.29e-01  8.02e-01
    6  -6.9305e+03  -6.5562e+03  1.27e+00  1.83e-04  8.18e+00  0.00e+00  6.16e-02  3.43e-02  6.35e-02  2.98e-03  2.10e-01  3.34e-01
    7  -6.8294e+03  -6.5785e+03  8.53e-01  1.25e-04  5.48e+00  0.00e+00  4.13e-02  3.44e-02  4.38e-02  2.00e-03  1.62e-01  3.93e-01
    8  -6.6773e+03  -6.5902e+03  2.97e-01  4.45e-05  1.90e+00  0.00e+00  1.43e-02  3.45e-02  1.57e-02  6.98e-04  6.45e-02  6.96e-01
    9  -6.6172e+03  -6.5883e+03  9.91e-02  1.50e-05  6.32e-01  0.00e+00  4.76e-03  3.47e-02  5.72e-03  2.33e-04  1.43e-01  7.78e-01
   10  -6.5941e+03  -6.5883e+03  2.01e-02  3.05e-06  1.28e-01  0.00e+00  9.62e-04  3.48e-02  1.19e-03  4.71e-05  3.47e-02  8.26e-01
   11  -6.5932e+03  -6.5881e+03  1.73e-02  2.63e-06  1.10e-01  0.00e+00  8.28e-04  3.48e-02  1.03e-03  4.06e-05  1.97e-01  1.72e-01
   12  -6.5898e+03  -6.5880e+03  6.45e-03  9.79e-07  4.10e-02  0.00e+00  3.09e-04  3.47e-02  4.00e-04  1.51e-05  1.52e-01  7.40e-01
   13  -6.5888e+03  -6.5879e+03  3.23e-03  4.90e-07  2.05e-02  0.00e+00  1.55e-04  3.47e-02  2.04e-04  7.58e-06  1.91e-01  6.17e-01
   14  -6.5882e+03  -6.5878e+03  1.41e-03  2.13e-07  8.94e-03  0.00e+00  6.74e-05  3.47e-02  9.02e-05  3.30e-06  1.22e-01  6.43e-01
   15  -6.5879e+03  -6.5877e+03  6.00e-04  9.10e-08  3.81e-03  0.00e+00  2.87e-05  3.47e-02  3.89e-05  1.41e-06  1.43e-01  6.69e-01
   16  -6.5878e+03  -6.5877e+03  1.76e-04  2.68e-08  1.12e-03  0.00e+00  8.45e-06  3.47e-02  1.15e-05  4.14e-07  6.45e-02  7.55e-01
   17  -6.5877e+03  -6.5877e+03  4.41e-05  6.69e-09  2.81e-04  0.00e+00  2.11e-06  3.47e-02  2.89e-06  1.04e-07  2.61e-02  7.70e-01
   18  -6.5877e+03  -6.5877e+03  1.28e-05  1.94e-09  8.12e-05  0.00e+00  6.12e-07  3.47e-02  8.43e-07  2.99e-08  8.62e-02  7.78e-01
   19  -6.5877e+03  -6.5877e+03  5.34e-06  8.10e-10  3.40e-05  0.00e+00  2.56e-07  3.47e-02  3.53e-07  1.25e-08  4.82e-02  6.11e-01
   20  -6.5877e+03  -6.5877e+03  6.28e-07  9.54e-11  4.00e-06  0.00e+00  3.01e-08  3.47e-02  4.16e-08  1.48e-09  4.54e-03  8.86e-01
   21  -6.5877e+03  -6.5877e+03  3.40e-07  5.16e-11  2.16e-06  0.00e+00  1.63e-08  3.47e-02  2.25e-08  7.98e-10  3.41e-02  4.75e-01
   22  -6.5877e+03  -6.5877e+03  1.58e-07  2.40e-11  1.01e-06  0.00e+00  7.58e-09  3.47e-02  1.05e-08  3.71e-10  1.34e-01  6.17e-01
   23  -6.5877e+03  -6.5877e+03  1.07e-07  1.63e-11  6.82e-07  0.00e+00  5.14e-09  3.47e-02  7.14e-09  2.52e-10  1.37e-01  3.73e-01
   24  -6.5877e+03  -6.5877e+03  4.33e-08  6.57e-12  2.75e-07  0.00e+00  2.07e-09  3.47e-02  2.89e-09  1.02e-10  5.34e-02  6.30e-01
   25  -6.5877e+03  -6.5877e+03  3.13e-09  4.75e-13  1.99e-08  0.00e+00  1.50e-10  3.47e-02  2.10e-10  7.34e-12  3.41e-02  9.60e-01
   26  -6.5877e+03  -6.5877e+03  2.43e-10  3.68e-14  1.54e-09  0.00e+00  1.16e-11  3.47e-02  1.63e-11  5.69e-13  2.01e-04  9.23e-01
optimal solution found; terminating

status is Optimal after 26 iterations and 65.22 seconds

took 70.739926818 seconds


instance syn05m04m
ran at: 2020-05-13T00:18:17.67
with solver: hypatia, system solver: qrchol_dense
number type : BigFloat


reading instance and constructing model...
took 1.393407547 seconds
building model...
took 10.306140967 seconds

solving model...

 iter        p_obj        d_obj   abs_gap   rel_gap    x_feas    y_feas    z_feas       tau       kap        mu     gamma     alpha
    0  -4.9150e+03  -6.2749e+02  4.26e+02  8.67e-02  9.41e+01  0.00e+00  7.09e-01  1.00e+00  1.00e+00  1.00e+00
    1  -7.5643e+03  -3.3176e+03  9.02e+01  1.19e-02  9.31e+01  0.00e+00  7.02e-01  2.14e-01  9.97e-01  2.12e-01  4.57e-02  8.26e-01
    2  -9.0280e+03  -5.2352e+03  3.02e+01  3.35e-03  8.30e+01  0.00e+00  6.25e-01  8.05e-02  9.29e-01  7.10e-02  1.37e-01  7.70e-01
    3  -8.8765e+03  -5.6366e+03  1.62e+01  1.83e-03  7.08e+01  0.00e+00  5.33e-01  5.07e-02  7.63e-01  3.81e-02  1.54e-01  5.47e-01
    4  -8.0174e+03  -6.3922e+03  5.72e+00  7.14e-04  3.55e+01  0.00e+00  2.67e-01  3.57e-02  3.53e-01  1.34e-02  1.67e-01  7.78e-01
    5  -7.0687e+03  -6.5669e+03  1.73e+00  2.44e-04  1.10e+01  0.00e+00  8.26e-02  3.48e-02  8.26e-02  4.05e-03  1.29e-01  8.02e-01
    6  -6.9305e+03  -6.5562e+03  1.27e+00  1.83e-04  8.18e+00  0.00e+00  6.16e-02  3.43e-02  6.35e-02  2.98e-03  2.10e-01  3.34e-01
    7  -6.8294e+03  -6.5785e+03  8.53e-01  1.25e-04  5.48e+00  0.00e+00  4.13e-02  3.44e-02  4.38e-02  2.00e-03  1.62e-01  3.93e-01
    8  -6.6773e+03  -6.5902e+03  2.97e-01  4.45e-05  1.90e+00  0.00e+00  1.43e-02  3.45e-02  1.57e-02  6.98e-04  6.45e-02  6.96e-01
    9  -6.6172e+03  -6.5883e+03  9.91e-02  1.50e-05  6.32e-01  0.00e+00  4.76e-03  3.47e-02  5.72e-03  2.33e-04  1.43e-01  7.78e-01
   10  -6.5941e+03  -6.5883e+03  2.01e-02  3.05e-06  1.28e-01  0.00e+00  9.62e-04  3.48e-02  1.19e-03  4.71e-05  3.47e-02  8.26e-01
   11  -6.5932e+03  -6.5881e+03  1.73e-02  2.63e-06  1.10e-01  0.00e+00  8.28e-04  3.48e-02  1.03e-03  4.06e-05  1.97e-01  1.72e-01
   12  -6.5898e+03  -6.5880e+03  6.45e-03  9.79e-07  4.10e-02  0.00e+00  3.09e-04  3.47e-02  4.00e-04  1.51e-05  1.52e-01  7.40e-01
   13  -6.5888e+03  -6.5879e+03  3.23e-03  4.90e-07  2.05e-02  0.00e+00  1.55e-04  3.47e-02  2.04e-04  7.58e-06  1.91e-01  6.17e-01
   14  -6.5882e+03  -6.5878e+03  1.41e-03  2.13e-07  8.94e-03  0.00e+00  6.74e-05  3.47e-02  9.02e-05  3.30e-06  1.22e-01  6.43e-01
   15  -6.5879e+03  -6.5877e+03  6.00e-04  9.10e-08  3.81e-03  0.00e+00  2.87e-05  3.47e-02  3.89e-05  1.41e-06  1.43e-01  6.69e-01
   16  -6.5878e+03  -6.5877e+03  1.76e-04  2.68e-08  1.12e-03  0.00e+00  8.45e-06  3.47e-02  1.15e-05  4.14e-07  6.45e-02  7.55e-01
   17  -6.5877e+03  -6.5877e+03  4.41e-05  6.69e-09  2.81e-04  0.00e+00  2.11e-06  3.47e-02  2.89e-06  1.04e-07  2.61e-02  7.70e-01
   18  -6.5877e+03  -6.5877e+03  1.28e-05  1.94e-09  8.12e-05  0.00e+00  6.12e-07  3.47e-02  8.43e-07  2.99e-08  8.62e-02  7.78e-01
   19  -6.5877e+03  -6.5877e+03  5.34e-06  8.10e-10  3.40e-05  0.00e+00  2.56e-07  3.47e-02  3.53e-07  1.25e-08  4.82e-02  6.11e-01
   20  -6.5877e+03  -6.5877e+03  6.28e-07  9.54e-11  4.00e-06  0.00e+00  3.01e-08  3.47e-02  4.16e-08  1.48e-09  4.54e-03  8.86e-01
   21  -6.5877e+03  -6.5877e+03  3.60e-07  5.46e-11  2.29e-06  0.00e+00  1.72e-08  3.47e-02  2.38e-08  8.44e-10  3.41e-02  4.43e-01
   22  -6.5877e+03  -6.5877e+03  1.76e-07  2.67e-11  1.12e-06  0.00e+00  8.45e-09  3.47e-02  1.17e-08  4.14e-10  1.31e-01  5.87e-01
   23  -6.5877e+03  -6.5877e+03  1.08e-07  1.64e-11  6.88e-07  0.00e+00  5.19e-09  3.47e-02  7.20e-09  2.54e-10  9.29e-02  4.26e-01
   24  -6.5877e+03  -6.5877e+03  4.54e-08  6.89e-12  2.89e-07  0.00e+00  2.18e-09  3.47e-02  3.02e-09  1.07e-10  1.15e-03  5.81e-01
   25  -6.5877e+03  -6.5877e+03  3.03e-08  4.59e-12  1.92e-07  0.00e+00  1.45e-09  3.47e-02  2.01e-09  7.10e-11  2.75e-03  3.34e-01
   26  -6.5877e+03  -6.5877e+03  1.18e-08  1.78e-12  7.48e-08  0.00e+00  5.63e-10  3.47e-02  7.83e-10  2.76e-11  1.92e-02  6.23e-01
   27  -6.5877e+03  -6.5877e+03  2.29e-09  3.48e-13  1.46e-08  0.00e+00  1.10e-10  3.47e-02  1.53e-10  5.39e-12  6.05e-03  8.10e-01
optimal solution found; terminating

status is Optimal after 27 iterations and 69.318 seconds

took 74.938712294 seconds


instance syn05m04m
ran at: 2020-05-14T10:41:48.83
with solver: hypatia, system solver: qrchol_dense


reading instance and constructing model...
took 1.348461643 seconds
building model...
took 10.205779554 seconds

solving model...

 iter        p_obj        d_obj   abs_gap   rel_gap    x_feas    y_feas    z_feas       tau       kap        mu     gamma     alpha
    0  -4.9150e+03  -6.2749e+02  4.26e+02  8.67e-02  9.41e+01  0.00e+00  7.09e-01  1.00e+00  1.00e+00  1.00e+00
    1  -7.4448e+03  -3.1963e+03  9.35e+01  1.26e-02  9.32e+01  0.00e+00  7.02e-01  2.22e-01  9.97e-01  2.20e-01  4.57e-02  8.18e-01
    2  -8.9361e+03  -5.0780e+03  3.36e+01  3.76e-03  8.45e+01  0.00e+00  6.36e-01  8.78e-02  9.35e-01  7.88e-02  1.34e-01  7.40e-01
    3  -9.0091e+03  -5.8675e+03  1.50e+01  1.66e-03  6.86e+01  0.00e+00  5.17e-01  4.82e-02  7.53e-01  3.51e-02  1.37e-01  6.43e-01
    4  -8.1583e+03  -6.4608e+03  6.28e+00  7.69e-04  3.71e+01  0.00e+00  2.79e-01  3.74e-02  3.53e-01  1.47e-02  1.74e-01  7.03e-01
    5  -7.1335e+03  -6.5760e+03  1.93e+00  2.70e-04  1.22e+01  0.00e+00  9.18e-02  3.49e-02  9.09e-02  4.52e-03  1.18e-01  7.86e-01
    6  -6.8089e+03  -6.5865e+03  7.57e-01  1.11e-04  4.86e+00  0.00e+00  3.66e-02  3.44e-02  3.95e-02  1.78e-03  1.63e-01  7.25e-01
    7  -6.6832e+03  -6.5903e+03  3.17e-01  4.75e-05  2.03e+00  0.00e+00  1.53e-02  3.45e-02  1.75e-02  7.44e-04  1.31e-01  6.69e-01
    8  -6.6142e+03  -6.5902e+03  8.20e-02  1.24e-05  5.23e-01  0.00e+00  3.94e-03  3.46e-02  4.89e-03  1.93e-04  1.12e-01  8.34e-01
    9  -6.6020e+03  -6.5886e+03  4.61e-02  6.99e-06  2.94e-01  0.00e+00  2.21e-03  3.47e-02  2.79e-03  1.08e-04  1.33e-01  5.05e-01
   10  -6.5926e+03  -6.5883e+03  1.46e-02  2.22e-06  9.32e-02  0.00e+00  7.02e-04  3.47e-02  9.07e-04  3.43e-05  7.68e-02  7.40e-01
   11  -6.5913e+03  -6.5881e+03  1.08e-02  1.64e-06  6.88e-02  0.00e+00  5.19e-04  3.47e-02  6.75e-04  2.54e-05  1.71e-01  3.15e-01
   12  -6.5890e+03  -6.5878e+03  4.03e-03  6.12e-07  2.56e-02  0.00e+00  1.93e-04  3.47e-02  2.57e-04  9.46e-06  1.35e-01  7.25e-01
   13  -6.5881e+03  -6.5877e+03  1.21e-03  1.83e-07  7.69e-03  0.00e+00  5.80e-05  3.47e-02  7.77e-05  2.84e-06  5.34e-02  7.40e-01
   14  -6.5879e+03  -6.5877e+03  6.13e-04  9.30e-08  3.90e-03  0.00e+00  2.94e-05  3.47e-02  3.97e-05  1.44e-06  1.44e-01  5.75e-01
   15  -6.5877e+03  -6.5877e+03  1.63e-04  2.47e-08  1.03e-03  0.00e+00  7.80e-06  3.47e-02  1.07e-05  3.81e-07  1.10e-01  8.26e-01
   16  -6.5877e+03  -6.5877e+03  1.63e-05  2.47e-09  1.04e-04  0.00e+00  7.80e-07  3.47e-02  1.07e-06  3.82e-08  1.48e-02  9.13e-01
   17  -6.5877e+03  -6.5877e+03  2.75e-06  4.17e-10  1.75e-05  0.00e+00  1.32e-07  3.47e-02  1.81e-07  6.44e-09  3.88e-03  8.34e-01
   18  -6.5877e+03  -6.5877e+03  2.02e-06  3.07e-10  1.29e-05  0.00e+00  9.70e-08  3.47e-02  1.34e-07  4.75e-09  1.81e-01  3.21e-01
   19  -6.5877e+03  -6.5877e+03  7.81e-07  1.18e-10  4.97e-06  0.00e+00  3.78e-08  3.46e-02  5.22e-08  1.83e-09  4.82e-02  6.43e-01
   20  -6.5877e+03  -6.5877e+03  1.16e-07  1.75e-11  7.42e-07  0.00e+00  5.40e-09  3.46e-02  7.46e-09  2.71e-10  3.28e-03  8.60e-01
   21  -6.5877e+03  -6.5877e+03  9.86e-08  1.50e-11  6.37e-07  0.00e+00  4.64e-09  3.46e-02  6.43e-09  2.31e-10  2.06e-01  1.76e-01
   22  -6.5877e+03  -6.5877e+03  4.52e-08  6.86e-12  3.58e-07  0.00e+00  1.89e-09  3.46e-02  2.64e-09  1.06e-10  9.63e-02  6.56e-01
   23  -6.5877e+03  -6.5877e+03  2.27e-08  3.45e-12  1.80e-07  0.00e+00  9.44e-10  3.46e-02  1.36e-09  5.34e-11  1.63e-01  5.99e-01
   24  -6.5877e+03  -6.5877e+03  1.54e-08  2.33e-12  1.23e-07  0.00e+00  6.42e-10  3.46e-02  9.33e-10  3.61e-11  1.59e-01  3.81e-01
   25  -6.5877e+03  -6.5877e+03  5.22e-09  7.93e-13  4.28e-08  0.00e+00  2.14e-10  3.46e-02  3.17e-10  1.23e-11  7.98e-02  7.25e-01
   26  -6.5877e+03  -6.5877e+03  2.15e-09  3.27e-13  2.25e-08  0.00e+00  8.43e-11  3.46e-02  1.29e-10  5.06e-12  1.57e-01  7.18e-01
   27  -6.5877e+03  -6.5877e+03  1.91e-09  2.89e-13  1.99e-08  0.00e+00  7.43e-11  3.46e-02  1.14e-10  4.47e-12  1.82e-01  1.45e-01
   28  -6.5877e+03  -6.5877e+03  1.84e-09  2.80e-13  1.92e-08  0.00e+00  7.18e-11  3.46e-02  1.11e-10  4.33e-12  2.65e-05  3.31e-02

status is NumericalFailure after 28 iterations and 23.777 seconds

took 27.734174769 seconds
┌ Warning: switching Hessian cache from Cholesky to Bunch Kaufman
└ @ Hypatia.Cones ~/.julia/dev/Hypatia/src/Cones/Cones.jl:94
┌ Warning: switching Hessian cache from Cholesky to Bunch Kaufman
└ @ Hypatia.Cones ~/.julia/dev/Hypatia/src/Cones/Cones.jl:94
┌ Warning: switching Hessian cache from Cholesky to Bunch Kaufman
└ @ Hypatia.Cones ~/.julia/dev/Hypatia/src/Cones/Cones.jl:94
┌ Warning: switching Hessian cache from Cholesky to Bunch Kaufman
└ @ Hypatia.Cones ~/.julia/dev/Hypatia/src/Cones/Cones.jl:94
┌ Warning: switching Hessian cache from Cholesky to Bunch Kaufman
└ @ Hypatia.Cones ~/.julia/dev/Hypatia/src/Cones/Cones.jl:94
┌ Warning: switching Hessian cache from Cholesky to Bunch Kaufman
└ @ Hypatia.Cones ~/.julia/dev/Hypatia/src/Cones/Cones.jl:94
┌ Warning: switching Hessian cache from Cholesky to Bunch Kaufman
└ @ Hypatia.Cones ~/.julia/dev/Hypatia/src/Cones/Cones.jl:94
┌ Warning: switching Hessian cache from Cholesky to Bunch Kaufman
└ @ Hypatia.Cones ~/.julia/dev/Hypatia/src/Cones/Cones.jl:94
┌ Warning: very small alpha
└ @ Hypatia.Solvers ~/.julia/dev/Hypatia/src/Solvers/stepper.jl:211
┌ Warning: Hypatia status NumericalFailure not handled
└ @ Hypatia ~/.julia/dev/Hypatia/src/MathOptInterface/wrapper.jl:530


instance syn05m04m
ran at: 2020-05-14T11:41:27.486
with solver: hypatia, system solver: qrchol_dense


reading instance and constructing model...
took 1.345851848 seconds
building model...
took 10.176275882 seconds

solving model...

 iter        p_obj        d_obj   abs_gap   rel_gap    x_feas    y_feas    z_feas       tau       kap        mu     gamma     alpha
    0  -4.9150e+03  -6.2749e+02  4.26e+02  8.67e-02  9.41e+01  0.00e+00  7.09e-01  1.00e+00  1.00e+00  1.00e+00
    1  -7.4448e+03  -3.1963e+03  9.35e+01  1.26e-02  9.32e+01  0.00e+00  7.02e-01  2.22e-01  9.97e-01  2.20e-01  4.57e-02  8.18e-01
    2  -8.9361e+03  -5.0780e+03  3.36e+01  3.76e-03  8.45e+01  0.00e+00  6.36e-01  8.78e-02  9.35e-01  7.88e-02  1.34e-01  7.40e-01
    3  -9.0091e+03  -5.8675e+03  1.50e+01  1.66e-03  6.86e+01  0.00e+00  5.17e-01  4.82e-02  7.53e-01  3.51e-02  1.37e-01  6.43e-01
    4  -8.1583e+03  -6.4608e+03  6.28e+00  7.69e-04  3.71e+01  0.00e+00  2.79e-01  3.74e-02  3.53e-01  1.47e-02  1.74e-01  7.03e-01
    5  -7.1335e+03  -6.5760e+03  1.93e+00  2.70e-04  1.22e+01  0.00e+00  9.18e-02  3.49e-02  9.09e-02  4.52e-03  1.18e-01  7.86e-01
    6  -6.8089e+03  -6.5865e+03  7.57e-01  1.11e-04  4.86e+00  0.00e+00  3.66e-02  3.44e-02  3.95e-02  1.78e-03  1.63e-01  7.25e-01
    7  -6.6832e+03  -6.5903e+03  3.17e-01  4.75e-05  2.03e+00  0.00e+00  1.53e-02  3.45e-02  1.75e-02  7.44e-04  1.31e-01  6.69e-01
    8  -6.6142e+03  -6.5902e+03  8.20e-02  1.24e-05  5.23e-01  0.00e+00  3.94e-03  3.46e-02  4.89e-03  1.93e-04  1.12e-01  8.34e-01
    9  -6.6020e+03  -6.5886e+03  4.61e-02  6.99e-06  2.94e-01  0.00e+00  2.21e-03  3.47e-02  2.79e-03  1.08e-04  1.33e-01  5.05e-01
   10  -6.5926e+03  -6.5883e+03  1.46e-02  2.22e-06  9.32e-02  0.00e+00  7.02e-04  3.47e-02  9.07e-04  3.43e-05  7.68e-02  7.40e-01
   11  -6.5913e+03  -6.5881e+03  1.08e-02  1.64e-06  6.88e-02  0.00e+00  5.19e-04  3.47e-02  6.75e-04  2.54e-05  1.71e-01  3.15e-01
   12  -6.5890e+03  -6.5878e+03  4.03e-03  6.12e-07  2.56e-02  0.00e+00  1.93e-04  3.47e-02  2.57e-04  9.46e-06  1.35e-01  7.25e-01
   13  -6.5881e+03  -6.5877e+03  1.21e-03  1.83e-07  7.69e-03  0.00e+00  5.80e-05  3.47e-02  7.77e-05  2.84e-06  5.34e-02  7.40e-01
   14  -6.5879e+03  -6.5877e+03  6.13e-04  9.30e-08  3.90e-03  0.00e+00  2.94e-05  3.47e-02  3.97e-05  1.44e-06  1.44e-01  5.75e-01
   15  -6.5877e+03  -6.5877e+03  1.63e-04  2.47e-08  1.03e-03  0.00e+00  7.80e-06  3.47e-02  1.07e-05  3.81e-07  1.10e-01  8.26e-01
   16  -6.5877e+03  -6.5877e+03  1.63e-05  2.47e-09  1.04e-04  0.00e+00  7.80e-07  3.47e-02  1.07e-06  3.82e-08  1.48e-02  9.13e-01
   17  -6.5877e+03  -6.5877e+03  2.74e-06  4.16e-10  1.75e-05  0.00e+00  1.32e-07  3.47e-02  1.82e-07  6.44e-09  3.88e-03  8.34e-01
   18  -6.5877e+03  -6.5877e+03  2.60e-06  3.95e-10  1.66e-05  0.00e+00  1.25e-07  3.47e-02  1.73e-07  6.11e-09  2.40e-01  6.50e-02
   19  -6.5877e+03  -6.5877e+03  1.68e-06  2.55e-10  1.76e-05  0.00e+00  8.09e-08  3.47e-02  1.12e-07  3.94e-09  1.59e-01  4.21e-01
   20  -6.5877e+03  -6.5877e+03  3.73e-07  5.67e-11  3.91e-06  0.00e+00  1.80e-08  3.47e-02  2.53e-08  8.77e-10  2.23e-01  1.00e+00
   21  -6.5877e+03  -6.5877e+03  2.81e-07  4.26e-11  2.93e-06  0.00e+00  1.36e-08  3.47e-02  1.91e-08  6.59e-10  1.98e-01  3.09e-01
   22  -6.5877e+03  -6.5877e+03  2.78e-07  4.22e-11  2.92e-06  0.00e+00  1.35e-08  3.47e-02  1.89e-08  6.53e-10  2.47e-01  1.06e-02

status is NumericalFailure after 22 iterations and 9.885 seconds

took 13.9850218 seconds
┌ Warning: switching Hessian cache from Cholesky to Bunch Kaufman
└ @ Hypatia.Cones ~/.julia/dev/Hypatia/src/Cones/Cones.jl:94
┌ Warning: switching Hessian cache from Cholesky to Bunch Kaufman
└ @ Hypatia.Cones ~/.julia/dev/Hypatia/src/Cones/Cones.jl:94
┌ Warning: switching Hessian cache from Cholesky to Bunch Kaufman
└ @ Hypatia.Cones ~/.julia/dev/Hypatia/src/Cones/Cones.jl:94
┌ Warning: switching Hessian cache from Cholesky to Bunch Kaufman
└ @ Hypatia.Cones ~/.julia/dev/Hypatia/src/Cones/Cones.jl:94
┌ Warning: switching Hessian cache from Cholesky to Bunch Kaufman
└ @ Hypatia.Cones ~/.julia/dev/Hypatia/src/Cones/Cones.jl:94
┌ Warning: switching Hessian cache from Cholesky to Bunch Kaufman
└ @ Hypatia.Cones ~/.julia/dev/Hypatia/src/Cones/Cones.jl:94
┌ Warning: switching Hessian cache from Cholesky to Bunch Kaufman
└ @ Hypatia.Cones ~/.julia/dev/Hypatia/src/Cones/Cones.jl:94
┌ Warning: switching Hessian cache from Cholesky to Bunch Kaufman
└ @ Hypatia.Cones ~/.julia/dev/Hypatia/src/Cones/Cones.jl:94
┌ Warning: very small alpha
└ @ Hypatia.Solvers ~/.julia/dev/Hypatia/src/Solvers/stepper.jl:211
┌ Warning: Hypatia status NumericalFailure not handled
└ @ Hypatia ~/.julia/dev/Hypatia/src/MathOptInterface/wrapper.jl:530

