
instance syn05m04h
ran at: 2020-05-12T18:31:15.301
with solver: hypatia, system solver: qrchol_dense
number type : Float64


reading instance and constructing model...
took 1.389647003 seconds
building model...
took 10.174029826 seconds

solving model...

 iter        p_obj        d_obj   abs_gap   rel_gap    x_feas    y_feas    z_feas       tau       kap        mu     gamma     alpha
    0  -6.4485e+03  -1.0161e+03  5.06e+02  7.85e-02  1.04e+01  0.00e+00  7.47e-01  1.00e+00  1.00e+00  1.00e+00
    1  -8.0458e+03  -2.6794e+03  2.13e+02  2.65e-02  1.03e+01  0.00e+00  7.38e-01  4.26e-01  9.92e-01  4.21e-01  6.17e-02  6.17e-01
    2  -8.0761e+03  -3.1241e+03  1.06e+02  1.32e-02  9.52e+00  0.00e+00  6.81e-01  2.30e-01  9.23e-01  2.10e-01  1.88e-01  6.17e-01
    3  -8.0967e+03  -3.4402e+03  7.50e+01  9.26e-03  8.95e+00  0.00e+00  6.40e-01  1.73e-01  8.44e-01  1.48e-01  2.12e-01  3.73e-01
    4  -8.1112e+03  -4.2110e+03  4.04e+01  4.98e-03  7.49e+00  0.00e+00  5.36e-01  1.11e-01  6.82e-01  7.99e-02  1.91e-01  5.70e-01
    5  -8.1614e+03  -5.8938e+03  1.44e+01  1.77e-03  4.35e+00  0.00e+00  3.11e-01  6.84e-02  3.93e-01  2.85e-02  1.21e-01  7.32e-01
    6  -8.1121e+03  -5.8438e+03  1.41e+01  1.73e-03  4.35e+00  0.00e+00  3.11e-01  6.67e-02  3.90e-01  2.78e-02  2.30e-01  3.18e-02
    7  -7.4405e+03  -5.6176e+03  8.41e+00  1.13e-03  3.50e+00  0.00e+00  2.50e-01  4.96e-02  2.88e-01  1.66e-02  1.79e-01  4.90e-01
    8  -6.7926e+03  -5.6172e+03  4.85e+00  7.14e-04  2.25e+00  0.00e+00  1.61e-01  4.44e-02  1.70e-01  9.58e-03  1.70e-01  5.10e-01
    9  -6.1300e+03  -5.5947e+03  1.98e+00  3.23e-04  1.03e+00  0.00e+00  7.34e-02  3.99e-02  7.36e-02  3.92e-03  1.25e-01  6.76e-01
   10  -5.7651e+03  -5.5497e+03  7.62e-01  1.32e-04  4.13e-01  0.00e+00  2.95e-02  3.81e-02  3.09e-02  1.50e-03  1.76e-01  7.47e-01
   11  -5.6225e+03  -5.5282e+03  3.33e-01  5.93e-05  1.81e-01  0.00e+00  1.29e-02  3.81e-02  1.38e-02  6.59e-04  7.98e-02  6.11e-01
   12  -5.5459e+03  -5.5153e+03  1.08e-01  1.95e-05  5.87e-02  0.00e+00  4.20e-03  3.81e-02  4.52e-03  2.14e-04  2.08e-02  6.89e-01
   13  -5.5174e+03  -5.5113e+03  2.14e-02  3.89e-06  1.16e-02  0.00e+00  8.31e-04  3.81e-02  9.11e-04  4.24e-05  1.93e-02  8.18e-01
   14  -5.5128e+03  -5.5111e+03  6.04e-03  1.10e-06  3.27e-03  0.00e+00  2.34e-04  3.81e-02  2.62e-04  1.19e-05  3.85e-02  7.47e-01
   15  -5.5114e+03  -5.5110e+03  1.25e-03  2.26e-07  6.75e-04  0.00e+00  4.83e-05  3.81e-02  5.45e-05  2.46e-06  9.86e-03  8.02e-01
   16  -5.5112e+03  -5.5110e+03  5.05e-04  9.17e-08  2.74e-04  0.00e+00  1.96e-05  3.81e-02  2.33e-05  9.98e-07  1.63e-01  7.10e-01
   17  -5.5110e+03  -5.5110e+03  8.39e-05  1.52e-08  4.54e-05  0.00e+00  3.25e-06  3.81e-02  3.87e-06  1.66e-07  4.63e-04  8.34e-01
   18  -5.5110e+03  -5.5110e+03  7.30e-06  1.32e-09  3.95e-06  0.00e+00  2.83e-07  3.81e-02  3.37e-07  1.44e-08  4.63e-04  9.13e-01
   19  -5.5110e+03  -5.5110e+03  5.60e-06  1.02e-09  3.03e-06  0.00e+00  2.17e-07  3.81e-02  2.60e-07  1.11e-08  1.40e-01  2.71e-01
   20  -5.5110e+03  -5.5110e+03  1.22e-06  2.22e-10  6.70e-07  0.00e+00  4.78e-08  3.81e-02  5.75e-08  2.42e-09  7.82e-03  7.86e-01
   21  -5.5110e+03  -5.5110e+03  1.20e-06  2.18e-10  6.59e-07  0.00e+00  4.71e-08  3.81e-02  5.66e-08  2.38e-09  1.35e-01  1.93e-02
   22  -5.5110e+03  -5.5110e+03  4.04e-07  7.34e-11  1.69e-07  0.00e+00  1.16e-08  3.81e-02  1.53e-08  7.99e-10  2.32e-01  9.80e-01
   23  -5.5110e+03  -5.5110e+03  3.41e-07  6.18e-11  1.44e-07  0.00e+00  9.81e-09  3.81e-02  1.32e-08  6.73e-10  2.14e-01  2.00e-01
   24  -5.5110e+03  -5.5110e+03  2.36e-07  4.27e-11  2.36e-06  0.00e+00  6.78e-09  3.81e-02  9.35e-09  4.65e-10  1.56e-01  3.66e-01
   25  -5.5110e+03  -5.5110e+03  2.33e-07  4.22e-11  2.32e-06  0.00e+00  6.70e-09  3.81e-02  9.25e-09  4.59e-10  1.61e-01  1.31e-02
   26  -5.5110e+03  -5.5110e+03  1.18e-07  2.14e-11  1.17e-06  0.00e+00  3.40e-09  3.81e-02  4.89e-09  2.33e-10  1.26e-01  5.64e-01
   27  -5.5110e+03  -5.5110e+03  7.97e-08  1.45e-11  1.59e-06  0.00e+00  1.54e-09  3.81e-02  2.29e-09  1.57e-10  9.63e-02  6.05e-01
   28  -5.5110e+03  -5.5110e+03  5.54e-08  1.01e-11  4.28e-06  0.00e+00  1.07e-09  3.81e-02  1.69e-09  1.09e-10  1.51e-01  3.59e-01
   29  -5.5110e+03  -5.5110e+03  3.13e-08  5.68e-12  2.34e-06  0.00e+00  5.72e-10  3.81e-02  9.98e-10  6.18e-11  1.48e-01  5.47e-01
   30  -5.5110e+03  -5.5110e+03  2.08e-08  3.77e-12  1.56e-06  0.00e+00  3.80e-10  3.81e-02  6.97e-10  4.10e-11  1.43e-01  3.93e-01
   31  -5.5110e+03  -5.5110e+03  1.38e-08  2.50e-12  1.06e-06  0.00e+00  2.68e-10  3.81e-02  5.14e-10  2.73e-11  1.70e-01  3.55e-01
   32  -5.5110e+03  -5.5110e+03  1.00e-08  1.82e-12  7.79e-07  0.00e+00  1.94e-10  3.81e-02  3.83e-10  1.98e-11  1.48e-01  3.21e-01
   33  -5.5110e+03  -5.5110e+03  8.50e-09  1.54e-12  6.61e-07  0.00e+00  1.65e-10  3.81e-02  3.29e-10  1.68e-11  1.79e-01  1.87e-01
   34  -5.5110e+03  -5.5110e+03  8.48e-09  1.54e-12  6.60e-07  0.00e+00  1.64e-10  3.81e-02  3.28e-10  1.68e-11  1.94e-01  2.33e-03
   35  -5.5110e+03  -5.5110e+03  7.53e-09  1.37e-12  5.95e-07  0.00e+00  1.46e-10  3.81e-02  2.95e-10  1.49e-11  1.99e-01  1.41e-01
   36  -5.5110e+03  -5.5110e+03  6.72e-09  1.22e-12  5.31e-07  0.00e+00  1.30e-10  3.81e-02  2.65e-10  1.33e-11  2.06e-01  1.37e-01

status is NumericalFailure after 36 iterations and 30.617 seconds

took 34.813364074 seconds
┌ Warning: very small alpha
└ @ Hypatia.Solvers ~/.julia/dev/Hypatia/src/Solvers/stepper.jl:211
┌ Warning: Hypatia status NumericalFailure not handled
└ @ Hypatia ~/.julia/dev/Hypatia/src/MathOptInterface/wrapper.jl:530


instance syn05m04h
ran at: 2020-05-12T21:46:34.258
with solver: hypatia, system solver: qrchol_dense
number type : BigFloat


reading instance and constructing model...
took 1.383559224 seconds
building model...
took 10.142756535 seconds

solving model...

 iter        p_obj        d_obj   abs_gap   rel_gap    x_feas    y_feas    z_feas       tau       kap        mu     gamma     alpha
    0  -6.4485e+03  -1.0161e+03  5.06e+02  7.85e-02  1.04e+01  0.00e+00  7.47e-01  1.00e+00  1.00e+00  1.00e+00
    1  -8.0458e+03  -2.6794e+03  2.13e+02  2.65e-02  1.03e+01  0.00e+00  7.38e-01  4.26e-01  9.92e-01  4.21e-01  6.17e-02  6.17e-01
    2  -8.0761e+03  -3.1241e+03  1.06e+02  1.32e-02  9.52e+00  0.00e+00  6.81e-01  2.30e-01  9.23e-01  2.10e-01  1.88e-01  6.17e-01
    3  -8.0967e+03  -3.4402e+03  7.50e+01  9.26e-03  8.95e+00  0.00e+00  6.40e-01  1.73e-01  8.44e-01  1.48e-01  2.12e-01  3.73e-01
    4  -8.1112e+03  -4.2110e+03  4.04e+01  4.98e-03  7.49e+00  0.00e+00  5.36e-01  1.11e-01  6.82e-01  7.99e-02  1.91e-01  5.70e-01
    5  -8.1614e+03  -5.8938e+03  1.44e+01  1.77e-03  4.35e+00  0.00e+00  3.11e-01  6.84e-02  3.93e-01  2.85e-02  1.21e-01  7.32e-01
    6  -8.1121e+03  -5.8438e+03  1.41e+01  1.73e-03  4.35e+00  0.00e+00  3.11e-01  6.67e-02  3.90e-01  2.78e-02  2.30e-01  3.18e-02
    7  -7.4405e+03  -5.6176e+03  8.41e+00  1.13e-03  3.50e+00  0.00e+00  2.50e-01  4.96e-02  2.88e-01  1.66e-02  1.79e-01  4.90e-01
    8  -6.7926e+03  -5.6172e+03  4.85e+00  7.14e-04  2.25e+00  0.00e+00  1.61e-01  4.44e-02  1.70e-01  9.58e-03  1.70e-01  5.10e-01
    9  -6.1300e+03  -5.5947e+03  1.98e+00  3.23e-04  1.03e+00  0.00e+00  7.34e-02  3.99e-02  7.36e-02  3.92e-03  1.25e-01  6.76e-01
   10  -5.7651e+03  -5.5497e+03  7.62e-01  1.32e-04  4.13e-01  0.00e+00  2.95e-02  3.81e-02  3.09e-02  1.50e-03  1.76e-01  7.47e-01
   11  -5.6225e+03  -5.5282e+03  3.33e-01  5.93e-05  1.81e-01  0.00e+00  1.29e-02  3.81e-02  1.38e-02  6.59e-04  7.98e-02  6.11e-01
   12  -5.5459e+03  -5.5153e+03  1.08e-01  1.95e-05  5.87e-02  0.00e+00  4.20e-03  3.81e-02  4.52e-03  2.14e-04  2.08e-02  6.89e-01
   13  -5.5174e+03  -5.5113e+03  2.14e-02  3.89e-06  1.16e-02  0.00e+00  8.31e-04  3.81e-02  9.11e-04  4.24e-05  1.93e-02  8.18e-01
   14  -5.5128e+03  -5.5111e+03  6.04e-03  1.10e-06  3.27e-03  0.00e+00  2.34e-04  3.81e-02  2.62e-04  1.19e-05  3.85e-02  7.47e-01
   15  -5.5114e+03  -5.5110e+03  1.25e-03  2.26e-07  6.75e-04  0.00e+00  4.83e-05  3.81e-02  5.45e-05  2.46e-06  9.86e-03  8.02e-01
   16  -5.5112e+03  -5.5110e+03  5.05e-04  9.17e-08  2.74e-04  0.00e+00  1.96e-05  3.81e-02  2.33e-05  9.98e-07  1.63e-01  7.10e-01
   17  -5.5110e+03  -5.5110e+03  8.39e-05  1.52e-08  4.54e-05  0.00e+00  3.25e-06  3.81e-02  3.87e-06  1.66e-07  4.63e-04  8.34e-01
   18  -5.5110e+03  -5.5110e+03  7.29e-06  1.32e-09  3.95e-06  0.00e+00  2.83e-07  3.81e-02  3.37e-07  1.44e-08  4.63e-04  9.13e-01
   19  -5.5110e+03  -5.5110e+03  2.18e-06  3.95e-10  1.18e-06  0.00e+00  8.44e-08  3.81e-02  1.06e-07  4.30e-09  1.51e-01  8.26e-01
   20  -5.5110e+03  -5.5110e+03  1.69e-07  3.06e-11  9.14e-08  0.00e+00  6.54e-09  3.81e-02  8.19e-09  3.33e-10  6.16e-05  9.23e-01
   21  -5.5110e+03  -5.5110e+03  6.67e-09  1.21e-12  3.62e-09  0.00e+00  2.59e-10  3.81e-02  3.24e-10  1.32e-11  6.16e-05  9.60e-01
optimal solution found; terminating

status is Optimal after 21 iterations and 55.516 seconds

took 61.133361739 seconds


instance syn05m04h
ran at: 2020-05-12T23:07:57.841
with solver: hypatia, system solver: qrchol_dense
number type : BigFloat


reading instance and constructing model...
took 1.388022374 seconds
building model...
took 10.178038586 seconds

solving model...

 iter        p_obj        d_obj   abs_gap   rel_gap    x_feas    y_feas    z_feas       tau       kap        mu     gamma     alpha
    0  -6.4485e+03  -1.0161e+03  5.06e+02  7.85e-02  1.04e+01  0.00e+00  7.47e-01  1.00e+00  1.00e+00  1.00e+00
    1  -8.0458e+03  -2.6794e+03  2.13e+02  2.65e-02  1.03e+01  0.00e+00  7.38e-01  4.26e-01  9.92e-01  4.21e-01  6.17e-02  6.17e-01
    2  -8.0761e+03  -3.1241e+03  1.06e+02  1.32e-02  9.52e+00  0.00e+00  6.81e-01  2.30e-01  9.23e-01  2.10e-01  1.88e-01  6.17e-01
    3  -8.0967e+03  -3.4402e+03  7.50e+01  9.26e-03  8.95e+00  0.00e+00  6.40e-01  1.73e-01  8.44e-01  1.48e-01  2.12e-01  3.73e-01
    4  -8.1112e+03  -4.2110e+03  4.04e+01  4.98e-03  7.49e+00  0.00e+00  5.36e-01  1.11e-01  6.82e-01  7.99e-02  1.91e-01  5.70e-01
    5  -8.1614e+03  -5.8938e+03  1.44e+01  1.77e-03  4.35e+00  0.00e+00  3.11e-01  6.84e-02  3.93e-01  2.85e-02  1.21e-01  7.32e-01
    6  -8.1121e+03  -5.8438e+03  1.41e+01  1.73e-03  4.35e+00  0.00e+00  3.11e-01  6.67e-02  3.90e-01  2.78e-02  2.30e-01  3.18e-02
    7  -7.4405e+03  -5.6176e+03  8.41e+00  1.13e-03  3.50e+00  0.00e+00  2.50e-01  4.96e-02  2.88e-01  1.66e-02  1.79e-01  4.90e-01
    8  -6.7926e+03  -5.6172e+03  4.85e+00  7.14e-04  2.25e+00  0.00e+00  1.61e-01  4.44e-02  1.70e-01  9.58e-03  1.70e-01  5.10e-01
    9  -6.1300e+03  -5.5947e+03  1.98e+00  3.23e-04  1.03e+00  0.00e+00  7.34e-02  3.99e-02  7.36e-02  3.92e-03  1.25e-01  6.76e-01
   10  -5.7651e+03  -5.5497e+03  7.62e-01  1.32e-04  4.13e-01  0.00e+00  2.95e-02  3.81e-02  3.09e-02  1.50e-03  1.76e-01  7.47e-01
   11  -5.6225e+03  -5.5282e+03  3.33e-01  5.93e-05  1.81e-01  0.00e+00  1.29e-02  3.81e-02  1.38e-02  6.59e-04  7.98e-02  6.11e-01
   12  -5.5459e+03  -5.5153e+03  1.08e-01  1.95e-05  5.87e-02  0.00e+00  4.20e-03  3.81e-02  4.52e-03  2.14e-04  2.08e-02  6.89e-01
   13  -5.5174e+03  -5.5113e+03  2.14e-02  3.89e-06  1.16e-02  0.00e+00  8.31e-04  3.81e-02  9.11e-04  4.24e-05  1.93e-02  8.18e-01
   14  -5.5128e+03  -5.5111e+03  6.04e-03  1.10e-06  3.27e-03  0.00e+00  2.34e-04  3.81e-02  2.62e-04  1.19e-05  3.85e-02  7.47e-01
   15  -5.5114e+03  -5.5110e+03  1.25e-03  2.26e-07  6.75e-04  0.00e+00  4.83e-05  3.81e-02  5.45e-05  2.46e-06  9.86e-03  8.02e-01
   16  -5.5112e+03  -5.5110e+03  5.05e-04  9.17e-08  2.74e-04  0.00e+00  1.96e-05  3.81e-02  2.33e-05  9.98e-07  1.63e-01  7.10e-01
   17  -5.5110e+03  -5.5110e+03  8.39e-05  1.52e-08  4.54e-05  0.00e+00  3.25e-06  3.81e-02  3.87e-06  1.66e-07  4.63e-04  8.34e-01
   18  -5.5110e+03  -5.5110e+03  7.29e-06  1.32e-09  3.95e-06  0.00e+00  2.83e-07  3.81e-02  3.37e-07  1.44e-08  4.63e-04  9.13e-01
   19  -5.5110e+03  -5.5110e+03  2.18e-06  3.95e-10  1.18e-06  0.00e+00  8.44e-08  3.81e-02  1.06e-07  4.30e-09  1.51e-01  8.26e-01
   20  -5.5110e+03  -5.5110e+03  1.69e-07  3.06e-11  9.14e-08  0.00e+00  6.54e-09  3.81e-02  8.19e-09  3.33e-10  6.16e-05  9.23e-01
   21  -5.5110e+03  -5.5110e+03  6.67e-09  1.21e-12  3.62e-09  0.00e+00  2.59e-10  3.81e-02  3.24e-10  1.32e-11  6.16e-05  9.60e-01
optimal solution found; terminating

status is Optimal after 21 iterations and 56.154 seconds

took 61.60438486 seconds


instance syn05m04h
ran at: 2020-05-13T00:48:02.825
with solver: hypatia, system solver: qrchol_dense
number type : BigFloat


reading instance and constructing model...
took 1.351405846 seconds
building model...
took 10.247582068 seconds

solving model...

 iter        p_obj        d_obj   abs_gap   rel_gap    x_feas    y_feas    z_feas       tau       kap        mu     gamma     alpha
    0  -6.4485e+03  -1.0161e+03  5.06e+02  7.85e-02  1.04e+01  0.00e+00  7.47e-01  1.00e+00  1.00e+00  1.00e+00
    1  -8.0458e+03  -2.6794e+03  2.13e+02  2.65e-02  1.03e+01  0.00e+00  7.38e-01  4.26e-01  9.92e-01  4.21e-01  6.17e-02  6.17e-01
    2  -8.0761e+03  -3.1241e+03  1.06e+02  1.32e-02  9.52e+00  0.00e+00  6.81e-01  2.30e-01  9.23e-01  2.10e-01  1.88e-01  6.17e-01
    3  -8.0967e+03  -3.4402e+03  7.50e+01  9.26e-03  8.95e+00  0.00e+00  6.40e-01  1.73e-01  8.44e-01  1.48e-01  2.12e-01  3.73e-01
    4  -8.1112e+03  -4.2110e+03  4.04e+01  4.98e-03  7.49e+00  0.00e+00  5.36e-01  1.11e-01  6.82e-01  7.99e-02  1.91e-01  5.70e-01
    5  -8.1614e+03  -5.8938e+03  1.44e+01  1.77e-03  4.35e+00  0.00e+00  3.11e-01  6.84e-02  3.93e-01  2.85e-02  1.21e-01  7.32e-01
    6  -8.1121e+03  -5.8438e+03  1.41e+01  1.73e-03  4.35e+00  0.00e+00  3.11e-01  6.67e-02  3.90e-01  2.78e-02  2.30e-01  3.18e-02
    7  -7.4405e+03  -5.6176e+03  8.41e+00  1.13e-03  3.50e+00  0.00e+00  2.50e-01  4.96e-02  2.88e-01  1.66e-02  1.79e-01  4.90e-01
    8  -6.7926e+03  -5.6172e+03  4.85e+00  7.14e-04  2.25e+00  0.00e+00  1.61e-01  4.44e-02  1.70e-01  9.58e-03  1.70e-01  5.10e-01
    9  -6.1300e+03  -5.5947e+03  1.98e+00  3.23e-04  1.03e+00  0.00e+00  7.34e-02  3.99e-02  7.36e-02  3.92e-03  1.25e-01  6.76e-01
   10  -5.7651e+03  -5.5497e+03  7.62e-01  1.32e-04  4.13e-01  0.00e+00  2.95e-02  3.81e-02  3.09e-02  1.50e-03  1.76e-01  7.47e-01
   11  -5.6225e+03  -5.5282e+03  3.33e-01  5.93e-05  1.81e-01  0.00e+00  1.29e-02  3.81e-02  1.38e-02  6.59e-04  7.98e-02  6.11e-01
   12  -5.5459e+03  -5.5153e+03  1.08e-01  1.95e-05  5.87e-02  0.00e+00  4.20e-03  3.81e-02  4.52e-03  2.14e-04  2.08e-02  6.89e-01
   13  -5.5174e+03  -5.5113e+03  2.14e-02  3.89e-06  1.16e-02  0.00e+00  8.31e-04  3.81e-02  9.11e-04  4.24e-05  1.93e-02  8.18e-01
   14  -5.5128e+03  -5.5111e+03  6.04e-03  1.10e-06  3.27e-03  0.00e+00  2.34e-04  3.81e-02  2.62e-04  1.19e-05  3.85e-02  7.47e-01
   15  -5.5114e+03  -5.5110e+03  1.25e-03  2.26e-07  6.75e-04  0.00e+00  4.83e-05  3.81e-02  5.45e-05  2.46e-06  9.86e-03  8.02e-01
   16  -5.5112e+03  -5.5110e+03  5.05e-04  9.17e-08  2.74e-04  0.00e+00  1.96e-05  3.81e-02  2.33e-05  9.98e-07  1.63e-01  7.10e-01
   17  -5.5110e+03  -5.5110e+03  8.39e-05  1.52e-08  4.54e-05  0.00e+00  3.25e-06  3.81e-02  3.87e-06  1.66e-07  4.63e-04  8.34e-01
   18  -5.5110e+03  -5.5110e+03  7.29e-06  1.32e-09  3.95e-06  0.00e+00  2.83e-07  3.81e-02  3.37e-07  1.44e-08  4.63e-04  9.13e-01
   19  -5.5110e+03  -5.5110e+03  2.18e-06  3.95e-10  1.18e-06  0.00e+00  8.44e-08  3.81e-02  1.06e-07  4.30e-09  1.51e-01  8.26e-01
   20  -5.5110e+03  -5.5110e+03  1.69e-07  3.06e-11  9.14e-08  0.00e+00  6.54e-09  3.81e-02  8.19e-09  3.33e-10  6.16e-05  9.23e-01
   21  -5.5110e+03  -5.5110e+03  6.67e-09  1.21e-12  3.62e-09  0.00e+00  2.59e-10  3.81e-02  3.24e-10  1.32e-11  6.16e-05  9.60e-01
optimal solution found; terminating

status is Optimal after 21 iterations and 55.686 seconds

took 61.263615113 seconds

