
instance syn05m03h
ran at: 2020-05-12T18:21:32.035
with solver: hypatia, system solver: qrchol_dense
number type : Float64


reading instance and constructing model...
took 1.389672481 seconds
building model...
took 10.1638066 seconds

solving model...

 iter        p_obj        d_obj   abs_gap   rel_gap    x_feas    y_feas    z_feas       tau       kap        mu     gamma     alpha
    0  -4.6787e+03  -7.4557e+02  3.57e+02  7.63e-02  8.07e+00  0.00e+00  7.48e-01  1.00e+00  1.00e+00  1.00e+00
    1  -5.9310e+03  -2.0459e+03  1.46e+02  2.46e-02  7.97e+00  0.00e+00  7.38e-01  4.14e-01  9.92e-01  4.09e-01  6.17e-02  6.30e-01
    2  -5.9064e+03  -2.3239e+03  7.29e+01  1.23e-02  7.35e+00  0.00e+00  6.80e-01  2.24e-01  9.21e-01  2.04e-01  1.89e-01  6.17e-01
    3  -6.0425e+03  -2.7361e+03  4.77e+01  7.89e-03  6.78e+00  0.00e+00  6.28e-01  1.59e-01  8.27e-01  1.34e-01  2.11e-01  4.39e-01
    4  -6.0087e+03  -3.4328e+03  2.20e+01  3.66e-03  5.27e+00  0.00e+00  4.88e-01  9.42e-02  6.30e-01  6.15e-02  1.86e-01  6.62e-01
    5  -5.8539e+03  -4.3707e+03  8.16e+00  1.39e-03  3.03e+00  0.00e+00  2.81e-01  6.08e-02  3.46e-01  2.29e-02  1.41e-01  7.32e-01
    6  -5.4022e+03  -4.1214e+03  5.60e+00  1.04e-03  2.62e+00  0.00e+00  2.42e-01  4.83e-02  2.77e-01  1.57e-02  1.99e-01  3.93e-01
    7  -4.8458e+03  -4.0950e+03  2.80e+00  5.78e-04  1.53e+00  0.00e+00  1.42e-01  4.13e-02  1.49e-01  7.84e-03  2.07e-01  6.30e-01
    8  -4.5073e+03  -4.0765e+03  1.48e+00  3.27e-04  8.80e-01  0.00e+00  8.15e-02  3.79e-02  8.32e-02  4.13e-03  1.86e-01  5.81e-01
    9  -4.2175e+03  -4.0532e+03  5.43e-01  1.29e-04  3.36e-01  0.00e+00  3.11e-02  3.66e-02  3.11e-02  1.52e-03  6.45e-02  6.76e-01
   10  -4.0571e+03  -4.0301e+03  8.81e-02  2.17e-05  5.52e-02  0.00e+00  5.11e-03  3.61e-02  5.72e-03  2.47e-04  8.30e-02  9.13e-01
   11  -4.0363e+03  -4.0284e+03  2.59e-02  6.42e-06  1.62e-02  0.00e+00  1.50e-03  3.61e-02  1.73e-03  7.26e-05  6.47e-02  7.55e-01
   12  -4.0287e+03  -4.0280e+03  2.47e-03  6.12e-07  1.54e-03  0.00e+00  1.43e-04  3.61e-02  1.70e-04  6.90e-06  1.93e-02  9.23e-01
   13  -4.0281e+03  -4.0280e+03  4.65e-04  1.15e-07  2.91e-04  0.00e+00  2.69e-05  3.61e-02  3.21e-05  1.30e-06  7.83e-03  8.18e-01
   14  -4.0280e+03  -4.0280e+03  1.31e-04  3.26e-08  8.22e-05  0.00e+00  7.61e-06  3.61e-02  9.17e-06  3.68e-07  3.00e-02  7.40e-01
   15  -4.0280e+03  -4.0280e+03  4.96e-05  1.23e-08  3.11e-05  0.00e+00  2.88e-06  3.61e-02  3.59e-06  1.39e-07  1.59e-01  7.40e-01
   16  -4.0280e+03  -4.0280e+03  1.97e-06  4.88e-10  1.23e-06  0.00e+00  1.14e-07  3.61e-02  1.42e-07  5.50e-09  6.16e-05  9.60e-01
   17  -4.0280e+03  -4.0280e+03  5.60e-07  1.39e-10  3.46e-07  0.00e+00  3.27e-08  3.61e-02  4.09e-08  1.57e-09  2.61e-02  7.32e-01
   18  -4.0280e+03  -4.0280e+03  2.70e-07  6.70e-11  1.68e-07  0.00e+00  1.58e-08  3.61e-02  2.00e-08  7.56e-10  9.63e-02  5.70e-01
   19  -4.0280e+03  -4.0280e+03  2.69e-07  6.68e-11  1.68e-07  0.00e+00  1.58e-08  3.61e-02  2.00e-08  7.53e-10  2.30e-01  1.67e-03
   20  -4.0280e+03  -4.0280e+03  3.98e-08  9.88e-12  2.98e-08  0.00e+00  2.33e-09  3.61e-02  3.03e-09  1.11e-10  1.03e-01  9.51e-01
   21  -4.0280e+03  -4.0280e+03  5.30e-09  1.31e-12  7.94e-09  0.00e+00  2.91e-10  3.61e-02  3.78e-10  1.48e-11  2.75e-03  8.77e-01
optimal solution found; terminating

status is Optimal after 21 iterations and 12.103 seconds

took 16.28607583 seconds


instance syn05m03h
ran at: 2020-05-12T21:25:34.109
with solver: hypatia, system solver: qrchol_dense
number type : BigFloat


reading instance and constructing model...
took 1.39321042 seconds
building model...
took 10.099631321 seconds

solving model...

 iter        p_obj        d_obj   abs_gap   rel_gap    x_feas    y_feas    z_feas       tau       kap        mu     gamma     alpha
    0  -4.6787e+03  -7.4557e+02  3.57e+02  7.63e-02  8.07e+00  0.00e+00  7.48e-01  1.00e+00  1.00e+00  1.00e+00
    1  -5.9310e+03  -2.0459e+03  1.46e+02  2.46e-02  7.97e+00  0.00e+00  7.38e-01  4.14e-01  9.92e-01  4.09e-01  6.17e-02  6.30e-01
    2  -5.9064e+03  -2.3239e+03  7.29e+01  1.23e-02  7.35e+00  0.00e+00  6.80e-01  2.24e-01  9.21e-01  2.04e-01  1.89e-01  6.17e-01
    3  -6.0425e+03  -2.7361e+03  4.77e+01  7.89e-03  6.78e+00  0.00e+00  6.28e-01  1.59e-01  8.27e-01  1.34e-01  2.11e-01  4.39e-01
    4  -6.0087e+03  -3.4328e+03  2.20e+01  3.66e-03  5.27e+00  0.00e+00  4.88e-01  9.42e-02  6.30e-01  6.15e-02  1.86e-01  6.62e-01
    5  -5.8539e+03  -4.3707e+03  8.16e+00  1.39e-03  3.03e+00  0.00e+00  2.81e-01  6.08e-02  3.46e-01  2.29e-02  1.41e-01  7.32e-01
    6  -5.4022e+03  -4.1214e+03  5.60e+00  1.04e-03  2.62e+00  0.00e+00  2.42e-01  4.83e-02  2.77e-01  1.57e-02  1.99e-01  3.93e-01
    7  -4.8458e+03  -4.0950e+03  2.80e+00  5.78e-04  1.53e+00  0.00e+00  1.42e-01  4.13e-02  1.49e-01  7.84e-03  2.07e-01  6.30e-01
    8  -4.5073e+03  -4.0765e+03  1.48e+00  3.27e-04  8.80e-01  0.00e+00  8.15e-02  3.79e-02  8.32e-02  4.13e-03  1.86e-01  5.81e-01
    9  -4.2175e+03  -4.0532e+03  5.43e-01  1.29e-04  3.36e-01  0.00e+00  3.11e-02  3.66e-02  3.11e-02  1.52e-03  6.45e-02  6.76e-01
   10  -4.0571e+03  -4.0301e+03  8.81e-02  2.17e-05  5.52e-02  0.00e+00  5.11e-03  3.61e-02  5.72e-03  2.47e-04  8.30e-02  9.13e-01
   11  -4.0363e+03  -4.0284e+03  2.59e-02  6.42e-06  1.62e-02  0.00e+00  1.50e-03  3.61e-02  1.73e-03  7.26e-05  6.47e-02  7.55e-01
   12  -4.0287e+03  -4.0280e+03  2.47e-03  6.12e-07  1.54e-03  0.00e+00  1.43e-04  3.61e-02  1.70e-04  6.90e-06  1.93e-02  9.23e-01
   13  -4.0281e+03  -4.0280e+03  4.65e-04  1.15e-07  2.91e-04  0.00e+00  2.69e-05  3.61e-02  3.21e-05  1.30e-06  7.83e-03  8.18e-01
   14  -4.0280e+03  -4.0280e+03  1.31e-04  3.26e-08  8.22e-05  0.00e+00  7.61e-06  3.61e-02  9.17e-06  3.68e-07  3.00e-02  7.40e-01
   15  -4.0280e+03  -4.0280e+03  4.97e-05  1.23e-08  3.11e-05  0.00e+00  2.88e-06  3.61e-02  3.59e-06  1.39e-07  1.59e-01  7.40e-01
   16  -4.0280e+03  -4.0280e+03  1.97e-06  4.88e-10  1.23e-06  0.00e+00  1.14e-07  3.61e-02  1.42e-07  5.50e-09  6.18e-05  9.60e-01
   17  -4.0280e+03  -4.0280e+03  1.20e-07  2.99e-11  7.53e-08  0.00e+00  6.97e-09  3.61e-02  8.72e-09  3.37e-10  2.75e-03  9.41e-01
   18  -4.0280e+03  -4.0280e+03  3.04e-08  7.55e-12  1.90e-08  0.00e+00  1.76e-09  3.61e-02  2.28e-09  8.52e-11  1.31e-01  8.60e-01
   19  -4.0280e+03  -4.0280e+03  6.34e-10  1.57e-13  3.97e-10  0.00e+00  3.68e-11  3.61e-02  4.75e-11  1.78e-12  8.77e-04  9.80e-01
optimal solution found; terminating

status is Optimal after 19 iterations and 28.0 seconds

took 33.530223576 seconds


instance syn05m03h
ran at: 2020-05-12T22:46:10.548
with solver: hypatia, system solver: qrchol_dense
number type : BigFloat


reading instance and constructing model...
took 1.385812749 seconds
building model...
took 10.190156829 seconds

solving model...

 iter        p_obj        d_obj   abs_gap   rel_gap    x_feas    y_feas    z_feas       tau       kap        mu     gamma     alpha
    0  -4.6787e+03  -7.4557e+02  3.57e+02  7.63e-02  8.07e+00  0.00e+00  7.48e-01  1.00e+00  1.00e+00  1.00e+00
    1  -5.9310e+03  -2.0459e+03  1.46e+02  2.46e-02  7.97e+00  0.00e+00  7.38e-01  4.14e-01  9.92e-01  4.09e-01  6.17e-02  6.30e-01
    2  -5.9064e+03  -2.3239e+03  7.29e+01  1.23e-02  7.35e+00  0.00e+00  6.80e-01  2.24e-01  9.21e-01  2.04e-01  1.89e-01  6.17e-01
    3  -6.0425e+03  -2.7361e+03  4.77e+01  7.89e-03  6.78e+00  0.00e+00  6.28e-01  1.59e-01  8.27e-01  1.34e-01  2.11e-01  4.39e-01
    4  -6.0087e+03  -3.4328e+03  2.20e+01  3.66e-03  5.27e+00  0.00e+00  4.88e-01  9.42e-02  6.30e-01  6.15e-02  1.86e-01  6.62e-01
    5  -5.8539e+03  -4.3707e+03  8.16e+00  1.39e-03  3.03e+00  0.00e+00  2.81e-01  6.08e-02  3.46e-01  2.29e-02  1.41e-01  7.32e-01
    6  -5.4022e+03  -4.1214e+03  5.60e+00  1.04e-03  2.62e+00  0.00e+00  2.42e-01  4.83e-02  2.77e-01  1.57e-02  1.99e-01  3.93e-01
    7  -4.8458e+03  -4.0950e+03  2.80e+00  5.78e-04  1.53e+00  0.00e+00  1.42e-01  4.13e-02  1.49e-01  7.84e-03  2.07e-01  6.30e-01
    8  -4.5073e+03  -4.0765e+03  1.48e+00  3.27e-04  8.80e-01  0.00e+00  8.15e-02  3.79e-02  8.32e-02  4.13e-03  1.86e-01  5.81e-01
    9  -4.2175e+03  -4.0532e+03  5.43e-01  1.29e-04  3.36e-01  0.00e+00  3.11e-02  3.66e-02  3.11e-02  1.52e-03  6.45e-02  6.76e-01
   10  -4.0571e+03  -4.0301e+03  8.81e-02  2.17e-05  5.52e-02  0.00e+00  5.11e-03  3.61e-02  5.72e-03  2.47e-04  8.30e-02  9.13e-01
   11  -4.0363e+03  -4.0284e+03  2.59e-02  6.42e-06  1.62e-02  0.00e+00  1.50e-03  3.61e-02  1.73e-03  7.26e-05  6.47e-02  7.55e-01
   12  -4.0287e+03  -4.0280e+03  2.47e-03  6.12e-07  1.54e-03  0.00e+00  1.43e-04  3.61e-02  1.70e-04  6.90e-06  1.93e-02  9.23e-01
   13  -4.0281e+03  -4.0280e+03  4.65e-04  1.15e-07  2.91e-04  0.00e+00  2.69e-05  3.61e-02  3.21e-05  1.30e-06  7.83e-03  8.18e-01
   14  -4.0280e+03  -4.0280e+03  1.31e-04  3.26e-08  8.22e-05  0.00e+00  7.61e-06  3.61e-02  9.17e-06  3.68e-07  3.00e-02  7.40e-01
   15  -4.0280e+03  -4.0280e+03  4.97e-05  1.23e-08  3.11e-05  0.00e+00  2.88e-06  3.61e-02  3.59e-06  1.39e-07  1.59e-01  7.40e-01
   16  -4.0280e+03  -4.0280e+03  1.97e-06  4.88e-10  1.23e-06  0.00e+00  1.14e-07  3.61e-02  1.42e-07  5.50e-09  6.18e-05  9.60e-01
   17  -4.0280e+03  -4.0280e+03  1.20e-07  2.99e-11  7.53e-08  0.00e+00  6.97e-09  3.61e-02  8.72e-09  3.37e-10  2.75e-03  9.41e-01
   18  -4.0280e+03  -4.0280e+03  3.04e-08  7.55e-12  1.90e-08  0.00e+00  1.76e-09  3.61e-02  2.28e-09  8.52e-11  1.31e-01  8.60e-01
   19  -4.0280e+03  -4.0280e+03  6.34e-10  1.57e-13  3.97e-10  0.00e+00  3.68e-11  3.61e-02  4.75e-11  1.78e-12  8.77e-04  9.80e-01
optimal solution found; terminating

status is Optimal after 19 iterations and 28.462 seconds

took 34.027906405 seconds


instance syn05m03h
ran at: 2020-05-13T00:22:23.769
with solver: hypatia, system solver: qrchol_dense
number type : BigFloat


reading instance and constructing model...
took 1.348571603 seconds
building model...
took 10.152317071 seconds

solving model...

 iter        p_obj        d_obj   abs_gap   rel_gap    x_feas    y_feas    z_feas       tau       kap        mu     gamma     alpha
    0  -4.6787e+03  -7.4557e+02  3.57e+02  7.63e-02  8.07e+00  0.00e+00  7.48e-01  1.00e+00  1.00e+00  1.00e+00
    1  -5.9310e+03  -2.0459e+03  1.46e+02  2.46e-02  7.97e+00  0.00e+00  7.38e-01  4.14e-01  9.92e-01  4.09e-01  6.17e-02  6.30e-01
    2  -5.9064e+03  -2.3239e+03  7.29e+01  1.23e-02  7.35e+00  0.00e+00  6.80e-01  2.24e-01  9.21e-01  2.04e-01  1.89e-01  6.17e-01
    3  -6.0425e+03  -2.7361e+03  4.77e+01  7.89e-03  6.78e+00  0.00e+00  6.28e-01  1.59e-01  8.27e-01  1.34e-01  2.11e-01  4.39e-01
    4  -6.0087e+03  -3.4328e+03  2.20e+01  3.66e-03  5.27e+00  0.00e+00  4.88e-01  9.42e-02  6.30e-01  6.15e-02  1.86e-01  6.62e-01
    5  -5.8539e+03  -4.3707e+03  8.16e+00  1.39e-03  3.03e+00  0.00e+00  2.81e-01  6.08e-02  3.46e-01  2.29e-02  1.41e-01  7.32e-01
    6  -5.4022e+03  -4.1214e+03  5.60e+00  1.04e-03  2.62e+00  0.00e+00  2.42e-01  4.83e-02  2.77e-01  1.57e-02  1.99e-01  3.93e-01
    7  -4.8458e+03  -4.0950e+03  2.80e+00  5.78e-04  1.53e+00  0.00e+00  1.42e-01  4.13e-02  1.49e-01  7.84e-03  2.07e-01  6.30e-01
    8  -4.5073e+03  -4.0765e+03  1.48e+00  3.27e-04  8.80e-01  0.00e+00  8.15e-02  3.79e-02  8.32e-02  4.13e-03  1.86e-01  5.81e-01
    9  -4.2175e+03  -4.0532e+03  5.43e-01  1.29e-04  3.36e-01  0.00e+00  3.11e-02  3.66e-02  3.11e-02  1.52e-03  6.45e-02  6.76e-01
   10  -4.0571e+03  -4.0301e+03  8.81e-02  2.17e-05  5.52e-02  0.00e+00  5.11e-03  3.61e-02  5.72e-03  2.47e-04  8.30e-02  9.13e-01
   11  -4.0363e+03  -4.0284e+03  2.59e-02  6.42e-06  1.62e-02  0.00e+00  1.50e-03  3.61e-02  1.73e-03  7.26e-05  6.47e-02  7.55e-01
   12  -4.0287e+03  -4.0280e+03  2.47e-03  6.12e-07  1.54e-03  0.00e+00  1.43e-04  3.61e-02  1.70e-04  6.90e-06  1.93e-02  9.23e-01
   13  -4.0281e+03  -4.0280e+03  4.65e-04  1.15e-07  2.91e-04  0.00e+00  2.69e-05  3.61e-02  3.21e-05  1.30e-06  7.83e-03  8.18e-01
   14  -4.0280e+03  -4.0280e+03  1.31e-04  3.26e-08  8.22e-05  0.00e+00  7.61e-06  3.61e-02  9.17e-06  3.68e-07  3.00e-02  7.40e-01
   15  -4.0280e+03  -4.0280e+03  4.97e-05  1.23e-08  3.11e-05  0.00e+00  2.88e-06  3.61e-02  3.59e-06  1.39e-07  1.59e-01  7.40e-01
   16  -4.0280e+03  -4.0280e+03  1.97e-06  4.88e-10  1.23e-06  0.00e+00  1.14e-07  3.61e-02  1.42e-07  5.50e-09  6.18e-05  9.60e-01
   17  -4.0280e+03  -4.0280e+03  1.21e-07  3.01e-11  7.59e-08  0.00e+00  7.03e-09  3.61e-02  8.79e-09  3.40e-10  3.28e-03  9.41e-01
   18  -4.0280e+03  -4.0280e+03  3.10e-08  7.70e-12  1.94e-08  0.00e+00  1.80e-09  3.61e-02  2.32e-09  8.69e-11  1.35e-01  8.60e-01
   19  -4.0280e+03  -4.0280e+03  6.47e-10  1.61e-13  4.05e-10  0.00e+00  3.75e-11  3.61e-02  4.85e-11  1.81e-12  8.77e-04  9.80e-01
optimal solution found; terminating

status is Optimal after 19 iterations and 28.015 seconds

took 33.558448857 seconds


instance syn05m03h
ran at: 2020-05-14T10:44:01.107
with solver: hypatia, system solver: qrchol_dense


reading instance and constructing model...
took 1.351012995 seconds
building model...
took 10.279218125 seconds

solving model...

 iter        p_obj        d_obj   abs_gap   rel_gap    x_feas    y_feas    z_feas       tau       kap        mu     gamma     alpha
    0  -4.6787e+03  -7.4557e+02  3.57e+02  7.63e-02  8.07e+00  0.00e+00  7.48e-01  1.00e+00  1.00e+00  1.00e+00
    1  -5.8448e+03  -1.9564e+03  1.52e+02  2.61e-02  7.98e+00  0.00e+00  7.39e-01  4.32e-01  9.93e-01  4.27e-01  6.17e-02  6.11e-01
    2  -5.8612e+03  -2.2624e+03  7.63e+01  1.30e-02  7.38e+00  0.00e+00  6.83e-01  2.34e-01  9.27e-01  2.14e-01  1.84e-01  6.11e-01
    3  -5.7449e+03  -2.3538e+03  5.25e+01  9.15e-03  6.95e+00  0.00e+00  6.44e-01  1.71e-01  8.50e-01  1.47e-01  2.07e-01  3.93e-01
    4  -6.0740e+03  -3.6873e+03  1.82e+01  3.00e-03  4.88e+00  0.00e+00  4.52e-01  8.44e-02  6.35e-01  5.11e-02  4.32e-02  6.82e-01
    5  -5.8169e+03  -4.0115e+03  1.07e+01  1.84e-03  3.69e+00  0.00e+00  3.42e-01  6.54e-02  4.33e-01  2.99e-02  1.71e-01  5.00e-01
    6  -5.2429e+03  -4.0790e+03  4.69e+00  8.95e-04  2.38e+00  0.00e+00  2.20e-01  4.46e-02  2.60e-01  1.31e-02  1.45e-01  6.56e-01
    7  -4.7325e+03  -4.0990e+03  2.28e+00  4.82e-04  1.29e+00  0.00e+00  1.20e-01  3.98e-02  1.30e-01  6.38e-03  1.50e-01  6.05e-01
    8  -4.3369e+03  -4.0764e+03  8.58e-01  1.98e-04  5.32e-01  0.00e+00  4.93e-02  3.65e-02  5.27e-02  2.40e-03  1.82e-01  7.62e-01
    9  -4.1906e+03  -4.0562e+03  4.38e-01  1.05e-04  2.74e-01  0.00e+00  2.54e-02  3.61e-02  2.75e-02  1.23e-03  1.40e-01  5.70e-01
   10  -4.0829e+03  -4.0369e+03  1.50e-01  3.67e-05  9.38e-02  0.00e+00  8.68e-03  3.61e-02  9.88e-03  4.19e-04  1.28e-01  7.55e-01
   11  -4.0418e+03  -4.0295e+03  4.01e-02  9.91e-06  2.51e-02  0.00e+00  2.32e-03  3.61e-02  2.65e-03  1.12e-04  9.86e-03  7.40e-01
   12  -4.0324e+03  -4.0284e+03  1.28e-02  3.19e-06  8.06e-03  0.00e+00  7.46e-04  3.61e-02  8.55e-04  3.60e-05  1.48e-02  6.89e-01
   13  -4.0293e+03  -4.0281e+03  3.79e-03  9.41e-07  2.38e-03  0.00e+00  2.20e-04  3.60e-02  2.53e-04  1.06e-05  7.82e-03  7.10e-01
   14  -4.0282e+03  -4.0280e+03  8.09e-04  2.01e-07  5.08e-04  0.00e+00  4.70e-05  3.60e-02  5.43e-05  2.27e-06  8.80e-03  7.94e-01
   15  -4.0281e+03  -4.0280e+03  3.48e-04  8.64e-08  2.18e-04  0.00e+00  2.02e-05  3.60e-02  2.43e-05  9.74e-07  1.65e-01  6.82e-01
   16  -4.0280e+03  -4.0280e+03  1.05e-04  2.60e-08  6.57e-05  0.00e+00  6.08e-06  3.60e-02  7.33e-06  2.93e-07  6.05e-03  7.03e-01
   17  -4.0280e+03  -4.0280e+03  1.48e-05  3.67e-09  9.28e-06  0.00e+00  8.59e-07  3.60e-02  1.04e-06  4.14e-08  1.47e-03  8.60e-01
   18  -4.0280e+03  -4.0280e+03  3.69e-06  9.17e-10  2.32e-06  0.00e+00  2.15e-07  3.60e-02  2.71e-07  1.03e-08  1.28e-01  8.60e-01
   19  -4.0280e+03  -4.0280e+03  1.93e-06  4.80e-10  6.23e-06  0.00e+00  1.13e-07  3.60e-02  1.44e-07  5.41e-09  6.46e-02  5.05e-01
   20  -4.0280e+03  -4.0280e+03  2.66e-07  6.59e-11  8.22e-07  0.00e+00  1.50e-08  3.60e-02  1.90e-08  7.44e-10  1.15e-03  8.69e-01
   21  -4.0280e+03  -4.0280e+03  2.63e-07  6.54e-11  8.20e-07  0.00e+00  1.49e-08  3.60e-02  1.89e-08  7.38e-10  2.10e-01  8.36e-03
   22  -4.0280e+03  -4.0280e+03  1.90e-07  4.73e-11  5.73e-07  0.00e+00  1.04e-08  3.60e-02  1.33e-08  5.33e-10  1.54e-01  3.55e-01
   23  -4.0280e+03  -4.0280e+03  1.51e-07  3.75e-11  4.55e-07  0.00e+00  8.25e-09  3.60e-02  1.06e-08  4.23e-10  1.77e-01  2.52e-01
   24  -4.0280e+03  -4.0280e+03  1.46e-07  3.63e-11  6.27e-07  0.00e+00  7.98e-09  3.60e-02  1.03e-08  4.10e-10  1.86e-01  3.93e-02

status is NumericalFailure after 24 iterations and 22.348 seconds

took 26.34442435 seconds
┌ Warning: switching Hessian cache from Cholesky to Bunch Kaufman
└ @ Hypatia.Cones ~/.julia/dev/Hypatia/src/Cones/Cones.jl:94
┌ Warning: switching Hessian cache from Cholesky to Bunch Kaufman
└ @ Hypatia.Cones ~/.julia/dev/Hypatia/src/Cones/Cones.jl:94
┌ Warning: switching Hessian cache from Cholesky to Bunch Kaufman
└ @ Hypatia.Cones ~/.julia/dev/Hypatia/src/Cones/Cones.jl:94
┌ Warning: switching Hessian cache from Cholesky to Bunch Kaufman
└ @ Hypatia.Cones ~/.julia/dev/Hypatia/src/Cones/Cones.jl:94
┌ Warning: switching Hessian cache from Cholesky to Bunch Kaufman
└ @ Hypatia.Cones ~/.julia/dev/Hypatia/src/Cones/Cones.jl:94
┌ Warning: switching Hessian cache from Cholesky to Bunch Kaufman
└ @ Hypatia.Cones ~/.julia/dev/Hypatia/src/Cones/Cones.jl:94
┌ Warning: very small alpha
└ @ Hypatia.Solvers ~/.julia/dev/Hypatia/src/Solvers/stepper.jl:211
┌ Warning: Hypatia status NumericalFailure not handled
└ @ Hypatia ~/.julia/dev/Hypatia/src/MathOptInterface/wrapper.jl:530


instance syn05m03h
ran at: 2020-05-14T11:43:19.718
with solver: hypatia, system solver: qrchol_dense


reading instance and constructing model...
took 1.35116753 seconds
building model...
took 10.249066724 seconds

solving model...

 iter        p_obj        d_obj   abs_gap   rel_gap    x_feas    y_feas    z_feas       tau       kap        mu     gamma     alpha
    0  -4.6787e+03  -7.4557e+02  3.57e+02  7.63e-02  8.07e+00  0.00e+00  7.48e-01  1.00e+00  1.00e+00  1.00e+00
    1  -5.8448e+03  -1.9564e+03  1.52e+02  2.61e-02  7.98e+00  0.00e+00  7.39e-01  4.32e-01  9.93e-01  4.27e-01  6.17e-02  6.11e-01
    2  -5.8612e+03  -2.2624e+03  7.63e+01  1.30e-02  7.38e+00  0.00e+00  6.83e-01  2.34e-01  9.27e-01  2.14e-01  1.84e-01  6.11e-01
    3  -5.7449e+03  -2.3538e+03  5.25e+01  9.15e-03  6.95e+00  0.00e+00  6.44e-01  1.71e-01  8.50e-01  1.47e-01  2.07e-01  3.93e-01
    4  -6.0740e+03  -3.6873e+03  1.82e+01  3.00e-03  4.88e+00  0.00e+00  4.52e-01  8.44e-02  6.35e-01  5.11e-02  4.32e-02  6.82e-01
    5  -5.8169e+03  -4.0115e+03  1.07e+01  1.84e-03  3.69e+00  0.00e+00  3.42e-01  6.54e-02  4.33e-01  2.99e-02  1.71e-01  5.00e-01
    6  -5.2429e+03  -4.0790e+03  4.69e+00  8.95e-04  2.38e+00  0.00e+00  2.20e-01  4.46e-02  2.60e-01  1.31e-02  1.45e-01  6.56e-01
    7  -4.7325e+03  -4.0990e+03  2.28e+00  4.82e-04  1.29e+00  0.00e+00  1.20e-01  3.98e-02  1.30e-01  6.38e-03  1.50e-01  6.05e-01
    8  -4.3369e+03  -4.0764e+03  8.58e-01  1.98e-04  5.32e-01  0.00e+00  4.93e-02  3.65e-02  5.27e-02  2.40e-03  1.82e-01  7.62e-01
    9  -4.1906e+03  -4.0562e+03  4.38e-01  1.05e-04  2.74e-01  0.00e+00  2.54e-02  3.61e-02  2.75e-02  1.23e-03  1.40e-01  5.70e-01
   10  -4.0829e+03  -4.0369e+03  1.50e-01  3.67e-05  9.38e-02  0.00e+00  8.68e-03  3.61e-02  9.88e-03  4.19e-04  1.28e-01  7.55e-01
   11  -4.0418e+03  -4.0295e+03  4.01e-02  9.91e-06  2.51e-02  0.00e+00  2.32e-03  3.61e-02  2.65e-03  1.12e-04  9.86e-03  7.40e-01
   12  -4.0324e+03  -4.0284e+03  1.28e-02  3.19e-06  8.06e-03  0.00e+00  7.46e-04  3.61e-02  8.55e-04  3.60e-05  1.48e-02  6.89e-01
   13  -4.0293e+03  -4.0281e+03  3.79e-03  9.41e-07  2.38e-03  0.00e+00  2.20e-04  3.60e-02  2.53e-04  1.06e-05  7.82e-03  7.10e-01
   14  -4.0282e+03  -4.0280e+03  8.09e-04  2.01e-07  5.08e-04  0.00e+00  4.70e-05  3.60e-02  5.43e-05  2.27e-06  8.80e-03  7.94e-01
   15  -4.0281e+03  -4.0280e+03  3.48e-04  8.64e-08  2.18e-04  0.00e+00  2.02e-05  3.60e-02  2.43e-05  9.74e-07  1.65e-01  6.82e-01
   16  -4.0280e+03  -4.0280e+03  1.05e-04  2.60e-08  6.57e-05  0.00e+00  6.08e-06  3.60e-02  7.33e-06  2.93e-07  6.05e-03  7.03e-01
   17  -4.0280e+03  -4.0280e+03  1.48e-05  3.67e-09  9.28e-06  0.00e+00  8.59e-07  3.60e-02  1.04e-06  4.14e-08  1.47e-03  8.60e-01
   18  -4.0280e+03  -4.0280e+03  3.35e-06  8.33e-10  2.08e-06  0.00e+00  1.94e-07  3.60e-02  2.47e-07  9.39e-09  1.26e-01  8.86e-01
   19  -4.0280e+03  -4.0280e+03  1.14e-06  2.83e-10  6.99e-07  0.00e+00  6.63e-08  3.60e-02  8.51e-08  3.20e-09  8.30e-02  7.18e-01
   20  -4.0280e+03  -4.0280e+03  2.97e-07  7.38e-11  1.83e-07  0.00e+00  1.75e-08  3.60e-02  2.25e-08  8.33e-10  3.41e-02  7.62e-01
   21  -4.0280e+03  -4.0280e+03  2.54e-07  6.31e-11  1.61e-07  0.00e+00  1.50e-08  3.60e-02  1.94e-08  7.12e-10  2.08e-01  1.78e-01
   22  -4.0280e+03  -4.0280e+03  2.46e-07  6.11e-11  1.56e-07  0.00e+00  1.45e-08  3.60e-02  1.88e-08  6.89e-10  2.43e-01  4.22e-02
   23  -4.0280e+03  -4.0280e+03  2.41e-07  6.00e-11  1.53e-07  0.00e+00  1.43e-08  3.60e-02  1.84e-08  6.76e-10  2.50e-01  2.43e-02

status is NumericalFailure after 23 iterations and 9.952 seconds

took 14.073605844 seconds
┌ Warning: switching Hessian cache from Cholesky to Bunch Kaufman
└ @ Hypatia.Cones ~/.julia/dev/Hypatia/src/Cones/Cones.jl:94
┌ Warning: switching Hessian cache from Cholesky to Bunch Kaufman
└ @ Hypatia.Cones ~/.julia/dev/Hypatia/src/Cones/Cones.jl:94
┌ Warning: switching Hessian cache from Cholesky to Bunch Kaufman
└ @ Hypatia.Cones ~/.julia/dev/Hypatia/src/Cones/Cones.jl:94
┌ Warning: switching Hessian cache from Cholesky to Bunch Kaufman
└ @ Hypatia.Cones ~/.julia/dev/Hypatia/src/Cones/Cones.jl:94
┌ Warning: switching Hessian cache from Cholesky to Bunch Kaufman
└ @ Hypatia.Cones ~/.julia/dev/Hypatia/src/Cones/Cones.jl:94
┌ Warning: switching Hessian cache from Cholesky to Bunch Kaufman
└ @ Hypatia.Cones ~/.julia/dev/Hypatia/src/Cones/Cones.jl:94
┌ Warning: very small alpha
└ @ Hypatia.Solvers ~/.julia/dev/Hypatia/src/Solvers/stepper.jl:211
┌ Warning: Hypatia status NumericalFailure not handled
└ @ Hypatia ~/.julia/dev/Hypatia/src/MathOptInterface/wrapper.jl:530

