
reading instance and constructing model...
took 0.001910353 seconds
building model...
took 0.001801698 seconds

solving model...

 iter        p_obj        d_obj   abs_gap   rel_gap    x_feas    y_feas    z_feas       tau       kap        mu     gamma     alpha
    0  -2.7547e+03  -2.9175e+02  1.83e+02  6.64e-02  6.30e+01  0.00e+00  7.09e-01  1.00e+00  1.00e+00  1.00e+00
aff_alpha = 0.7249078379242577
alpha = 0.8096468954344364
    1  -4.0851e+03  -1.6442e+03  3.79e+01  9.28e-03  6.23e+01  0.00e+00  7.02e-01  2.09e-01  9.97e-01  2.07e-01  2.08e-02  8.10e-01
aff_alpha = 0.4705395829214913
alpha = 0.7699661414905747
    2  -4.8938e+03  -2.7010e+03  1.26e+01  2.57e-03  5.58e+01  0.00e+00  6.28e-01  7.77e-02  9.31e-01  6.88e-02  1.32e-01  7.70e-01
aff_alpha = 0.47529250800150635
alpha = 0.6622158127798851
    3  -4.8684e+03  -3.0868e+03  5.34e+00  1.10e-03  4.51e+01  0.00e+00  5.08e-01  4.08e-02  7.48e-01  2.92e-02  1.31e-01  6.62e-01
aff_alpha = 0.31162991534099743
alpha = 0.7935349222152911
    4  -4.2982e+03  -3.4747e+03  1.83e+00  4.27e-04  2.08e+01  0.00e+00  2.34e-01  3.03e-02  2.98e-01  1.00e-02  1.72e-01  7.94e-01
aff_alpha = 0.5099347476749403
alpha = 0.8344303100739425
    5  -3.8073e+03  -3.5820e+03  4.84e-01  1.27e-04  5.71e+00  0.00e+00  6.43e-02  2.92e-02  6.34e-02  2.64e-03  1.18e-01  8.34e-01
aff_alpha = 0.49478917573424686
alpha = 0.7855995729931382
    6  -3.6776e+03  -3.6067e+03  1.52e-01  4.13e-05  1.79e+00  0.00e+00  2.02e-02  2.91e-02  2.20e-02  8.29e-04  1.26e-01  7.86e-01
aff_alpha = 0.19982890539968023
alpha = 0.3734269340262235
    7  -3.6592e+03  -3.6095e+03  1.06e-01  2.91e-05  1.26e+00  0.00e+00  1.42e-02  2.91e-02  1.59e-02  5.81e-04  2.00e-01  3.73e-01
aff_alpha = 0.5024286755696348
alpha = 0.762266480075669
    8  -3.6321e+03  -3.6157e+03  3.53e-02  9.72e-06  4.14e-01  0.00e+00  4.67e-03  2.93e-02  5.63e-03  1.93e-04  1.23e-01  7.62e-01
aff_alpha = 0.5630952457345533
alpha = 0.8344303100739425
    9  -3.6217e+03  -3.6178e+03  8.30e-03  2.29e-06  9.74e-02  0.00e+00  1.10e-03  2.93e-02  1.39e-03  4.53e-05  8.34e-02  8.34e-01
aff_alpha = 0.28408554258882046
alpha = 0.2084716124885876
   10  -3.6210e+03  -3.6178e+03  6.88e-03  1.90e-06  8.07e-02  0.00e+00  9.09e-04  2.93e-02  1.16e-03  3.76e-05  1.79e-01  2.08e-01
aff_alpha = 0.3507152413561734
alpha = 0.682486339550886
   11  -3.6195e+03  -3.6182e+03  2.95e-03  8.14e-07  3.45e-02  0.00e+00  3.89e-04  2.93e-02  5.11e-04  1.61e-05  1.62e-01  6.82e-01
aff_alpha = 0.41290837616677467
alpha = 0.6110561278089117
   12  -3.6189e+03  -3.6183e+03  1.41e-03  3.90e-07  1.65e-02  0.00e+00  1.86e-04  2.93e-02  2.48e-04  7.70e-06  1.47e-01  6.11e-01
aff_alpha = 0.6963435767277686
alpha = 0.8952487204332906
   13  -3.6185e+03  -3.6184e+03  1.83e-04  5.06e-08  2.15e-03  0.00e+00  2.42e-05  2.93e-02  3.26e-05  1.00e-06  2.80e-02  8.95e-01
aff_alpha = 0.35149512638298414
alpha = 0.5929071497568592
   14  -3.6185e+03  -3.6184e+03  9.21e-05  2.55e-08  1.08e-03  0.00e+00  1.22e-05  2.93e-02  1.65e-05  5.03e-07  1.62e-01  5.93e-01
aff_alpha = 0.6172284119281937
alpha = 0.9226524199584774
   15  -3.6184e+03  -3.6184e+03  1.19e-05  3.29e-09  1.39e-04  0.00e+00  1.57e-06  2.93e-02  2.17e-06  6.50e-08  5.61e-02  9.23e-01
aff_alpha = 0.6234630423517108
alpha = 0.95089495089501
   16  -3.6184e+03  -3.6184e+03  1.19e-06  3.28e-10  1.39e-05  0.00e+00  1.57e-07  2.93e-02  2.19e-07  6.49e-09  5.34e-02  9.51e-01
aff_alpha = 0.7855995729931382
alpha = 0.9134258957588925
   17  -3.6184e+03  -3.6184e+03  1.12e-07  3.11e-11  1.33e-06  0.00e+00  1.50e-08  2.93e-02  2.10e-08  6.14e-10  9.86e-03  9.13e-01
aff_alpha = 0.8344180214859545
alpha = 0.8260860069732031
   18  -3.6184e+03  -3.6184e+03  2.40e-08  6.63e-12  2.54e-07  0.00e+00  2.66e-09  2.93e-02  3.72e-09  1.31e-10  4.54e-03  8.26e-01
aff_alpha = 0.5988961108655143
alpha = 0.629760648840112
   19  -3.6184e+03  -3.6184e+03  8.51e-09  2.35e-12  1.02e-07  0.00e+00  1.09e-09  2.93e-02  1.56e-09  4.65e-11  6.45e-02  6.30e-01
aff_alpha = 0.2473139520252786
alpha = 0.2448408125050258
   20  -3.6184e+03  -3.6184e+03  6.82e-09  1.89e-12  8.17e-08  0.00e+00  8.77e-10  2.93e-02  1.25e-09  3.73e-11  1.88e-01  2.45e-01
aff_alpha = 0.09909452376647726
alpha = 0.6110561278089117
   21  -3.6184e+03  -3.6184e+03  3.65e-09  1.01e-12  4.82e-08  0.00e+00  4.62e-10  2.93e-02  6.62e-10  1.99e-11  2.25e-01  6.11e-01
aff_alpha = 0.18478608349215128
alpha = 0.19430916602290654
   22  -3.6184e+03  -3.6184e+03  3.09e-09  8.55e-13  4.09e-08  0.00e+00  3.90e-10  2.93e-02  5.60e-10  1.69e-11  2.04e-01  1.94e-01
aff_alpha = 0.9042916368013036
alpha = 0.95089495089501
   23  -3.6184e+03  -3.6184e+03  1.73e-10  4.77e-14  3.76e-09  0.00e+00  1.95e-11  2.93e-02  2.80e-11  9.43e-13  8.77e-04  9.51e-01
optimal solution found; terminating

status is Optimal after 23 iterations and 2.371 seconds

took 2.371926172 seconds
