
instance syn10m03m
ran at: 2020-05-12T18:28:57.804
with solver: hypatia, system solver: qrchol_dense
number type : Float64


reading instance and constructing model...
took 1.390200987 seconds
building model...
took 10.155565039 seconds

solving model...

 iter        p_obj        d_obj   abs_gap   rel_gap    x_feas    y_feas    z_feas       tau       kap        mu     gamma     alpha
    0  -1.7790e+03  -5.5398e+02  5.76e+02  3.24e-01  1.02e+02  0.00e+00  7.14e-01  1.00e+00  1.00e+00  1.00e+00
    1  -4.3275e+03  -3.1078e+03  1.17e+02  2.71e-02  1.01e+02  0.00e+00  7.09e-01  2.05e-01  9.98e-01  2.03e-01  8.30e-02  8.69e-01
    2  -7.3263e+03  -6.2094e+03  3.71e+01  5.06e-03  9.18e+01  0.00e+00  6.44e-01  7.14e-02  9.44e-01  6.44e-02  1.30e-01  7.86e-01
    3  -7.6467e+03  -6.7804e+03  1.77e+01  2.31e-03  7.07e+01  0.00e+00  4.96e-01  4.42e-02  7.14e-01  3.07e-02  1.35e-01  6.05e-01
    4  -7.5581e+03  -7.1947e+03  6.00e+00  7.94e-04  2.97e+01  0.00e+00  2.08e-01  3.57e-02  2.36e-01  1.04e-02  1.59e-01  7.86e-01
    5  -7.1856e+03  -7.0005e+03  3.02e+00  4.20e-04  1.51e+01  0.00e+00  1.06e-01  3.52e-02  1.15e-01  5.23e-03  1.44e-01  5.81e-01
    6  -6.9359e+03  -6.8826e+03  8.74e-01  1.26e-04  4.35e+00  0.00e+00  3.05e-02  3.54e-02  3.18e-02  1.52e-03  3.00e-02  7.32e-01
    7  -6.9052e+03  -6.8644e+03  6.69e-01  9.69e-05  3.33e+00  0.00e+00  2.33e-02  3.55e-02  2.48e-02  1.16e-03  1.60e-01  2.79e-01
    8  -6.8596e+03  -6.8392e+03  3.36e-01  4.90e-05  1.67e+00  0.00e+00  1.17e-02  3.56e-02  1.32e-02  5.84e-04  1.44e-01  5.81e-01
    9  -6.8327e+03  -6.8257e+03  1.16e-01  1.70e-05  5.76e-01  0.00e+00  4.04e-03  3.56e-02  4.84e-03  2.02e-04  1.15e-01  7.40e-01
   10  -6.8258e+03  -6.8213e+03  7.35e-02  1.08e-05  3.64e-01  0.00e+00  2.55e-03  3.57e-02  3.10e-03  1.27e-04  1.28e-01  4.21e-01
   11  -6.8199e+03  -6.8177e+03  3.64e-02  5.34e-06  1.80e-01  0.00e+00  1.26e-03  3.57e-02  1.58e-03  6.32e-05  1.41e-01  5.87e-01
   12  -6.8156e+03  -6.8150e+03  9.68e-03  1.42e-06  4.79e-02  0.00e+00  3.36e-04  3.57e-02  4.29e-04  1.68e-05  5.62e-02  7.78e-01
   13  -6.8144e+03  -6.8142e+03  2.71e-03  3.97e-07  1.34e-02  0.00e+00  9.39e-05  3.57e-02  1.22e-04  4.70e-06  7.35e-02  7.78e-01
   14  -6.8139e+03  -6.8139e+03  3.00e-04  4.41e-08  1.49e-03  0.00e+00  1.04e-05  3.57e-02  1.44e-05  5.21e-07  9.29e-02  9.80e-01
   15  -6.8139e+03  -6.8139e+03  6.91e-05  1.01e-08  3.42e-04  0.00e+00  2.40e-06  3.57e-02  3.32e-06  1.20e-07  9.86e-03  7.78e-01
   16  -6.8139e+03  -6.8139e+03  3.71e-05  5.44e-09  1.84e-04  0.00e+00  1.29e-06  3.57e-02  1.78e-06  6.44e-08  7.35e-02  5.00e-01
   17  -6.8139e+03  -6.8139e+03  1.38e-05  2.03e-09  6.85e-05  0.00e+00  4.81e-07  3.57e-02  6.66e-07  2.40e-08  5.34e-02  6.62e-01
   18  -6.8139e+03  -6.8139e+03  1.07e-05  1.57e-09  5.31e-05  0.00e+00  3.73e-07  3.57e-02  5.17e-07  1.86e-08  6.90e-03  2.26e-01
   19  -6.8139e+03  -6.8139e+03  8.99e-06  1.32e-09  4.45e-05  0.00e+00  3.12e-07  3.57e-02  4.33e-07  1.56e-08  1.47e-03  1.62e-01
   20  -6.8139e+03  -6.8139e+03  7.26e-06  1.07e-09  3.60e-05  0.00e+00  2.52e-07  3.57e-02  3.50e-07  1.26e-08  8.77e-04  1.92e-01
   21  -6.8139e+03  -6.8139e+03  5.62e-06  8.25e-10  2.78e-05  0.00e+00  1.95e-07  3.57e-02  2.71e-07  9.76e-09  4.63e-04  2.26e-01
   22  -6.8139e+03  -6.8139e+03  3.52e-06  5.17e-10  1.74e-05  0.00e+00  1.22e-07  3.57e-02  1.70e-07  6.12e-09  4.63e-04  3.73e-01
   23  -6.8139e+03  -6.8139e+03  4.03e-07  5.91e-11  1.99e-06  0.00e+00  1.40e-08  3.57e-02  1.94e-08  6.99e-10  6.49e-04  8.86e-01
   24  -6.8139e+03  -6.8139e+03  4.02e-07  5.90e-11  1.99e-06  0.00e+00  1.40e-08  3.57e-02  1.94e-08  6.98e-10  1.62e-02  1.66e-03
   25  -6.8139e+03  -6.8139e+03  4.00e-07  5.86e-11  1.98e-06  0.00e+00  1.39e-08  3.57e-02  1.93e-08  6.94e-10  2.07e-01  6.64e-03
   26  -6.8139e+03  -6.8139e+03  3.99e-07  5.86e-11  1.98e-06  0.00e+00  1.39e-08  3.57e-02  1.93e-08  6.93e-10  1.95e-01  1.07e-03
   27  -6.8139e+03  -6.8139e+03  3.52e-07  5.16e-11  1.74e-06  0.00e+00  1.22e-08  3.57e-02  1.69e-08  6.10e-10  2.00e-01  1.51e-01
   28  -6.8139e+03  -6.8139e+03  3.47e-07  5.09e-11  1.72e-06  0.00e+00  1.20e-08  3.57e-02  1.67e-08  6.02e-10  1.94e-01  1.74e-02
   29  -6.8139e+03  -6.8139e+03  3.13e-07  4.60e-11  1.56e-06  0.00e+00  1.09e-08  3.57e-02  1.51e-08  5.44e-10  1.70e-01  1.12e-01
   30  -6.8139e+03  -6.8139e+03  9.63e-08  1.41e-11  4.80e-07  0.00e+00  3.33e-09  3.57e-02  4.63e-09  1.67e-10  3.20e-02  7.18e-01
   31  -6.8139e+03  -6.8139e+03  3.13e-08  4.60e-12  1.54e-07  0.00e+00  1.07e-09  3.57e-02  1.48e-09  5.44e-11  2.43e-02  6.96e-01

status is NumericalFailure after 31 iterations and 33.003 seconds

took 37.189396175 seconds
┌ Warning: very small alpha
└ @ Hypatia.Solvers ~/.julia/dev/Hypatia/src/Solvers/stepper.jl:211
┌ Warning: Hypatia status NumericalFailure not handled
└ @ Hypatia ~/.julia/dev/Hypatia/src/MathOptInterface/wrapper.jl:530


instance syn10m03m
ran at: 2020-05-12T21:39:59.969
with solver: hypatia, system solver: qrchol_dense
number type : BigFloat


reading instance and constructing model...
took 1.385085306 seconds
building model...
took 10.14090693 seconds

solving model...

 iter        p_obj        d_obj   abs_gap   rel_gap    x_feas    y_feas    z_feas       tau       kap        mu     gamma     alpha
    0  -1.7790e+03  -5.5398e+02  5.76e+02  3.24e-01  1.02e+02  0.00e+00  7.14e-01  1.00e+00  1.00e+00  1.00e+00
    1  -4.3275e+03  -3.1078e+03  1.17e+02  2.71e-02  1.01e+02  0.00e+00  7.09e-01  2.05e-01  9.98e-01  2.03e-01  8.30e-02  8.69e-01
    2  -7.3263e+03  -6.2094e+03  3.71e+01  5.06e-03  9.18e+01  0.00e+00  6.44e-01  7.14e-02  9.44e-01  6.44e-02  1.30e-01  7.86e-01
    3  -7.6467e+03  -6.7804e+03  1.77e+01  2.31e-03  7.07e+01  0.00e+00  4.96e-01  4.42e-02  7.14e-01  3.07e-02  1.35e-01  6.05e-01
    4  -7.5581e+03  -7.1947e+03  6.00e+00  7.94e-04  2.97e+01  0.00e+00  2.08e-01  3.57e-02  2.36e-01  1.04e-02  1.59e-01  7.86e-01
    5  -7.1856e+03  -7.0005e+03  3.02e+00  4.20e-04  1.51e+01  0.00e+00  1.06e-01  3.52e-02  1.15e-01  5.23e-03  1.44e-01  5.81e-01
    6  -6.9359e+03  -6.8826e+03  8.74e-01  1.26e-04  4.35e+00  0.00e+00  3.05e-02  3.54e-02  3.18e-02  1.52e-03  3.00e-02  7.32e-01
    7  -6.9052e+03  -6.8644e+03  6.69e-01  9.69e-05  3.33e+00  0.00e+00  2.33e-02  3.55e-02  2.48e-02  1.16e-03  1.60e-01  2.79e-01
    8  -6.8596e+03  -6.8392e+03  3.36e-01  4.90e-05  1.67e+00  0.00e+00  1.17e-02  3.56e-02  1.32e-02  5.84e-04  1.44e-01  5.81e-01
    9  -6.8327e+03  -6.8257e+03  1.16e-01  1.70e-05  5.76e-01  0.00e+00  4.04e-03  3.56e-02  4.84e-03  2.02e-04  1.15e-01  7.40e-01
   10  -6.8258e+03  -6.8213e+03  7.35e-02  1.08e-05  3.64e-01  0.00e+00  2.55e-03  3.57e-02  3.10e-03  1.27e-04  1.28e-01  4.21e-01
   11  -6.8199e+03  -6.8177e+03  3.64e-02  5.34e-06  1.80e-01  0.00e+00  1.26e-03  3.57e-02  1.58e-03  6.32e-05  1.41e-01  5.87e-01
   12  -6.8156e+03  -6.8150e+03  9.68e-03  1.42e-06  4.79e-02  0.00e+00  3.36e-04  3.57e-02  4.29e-04  1.68e-05  5.62e-02  7.78e-01
   13  -6.8144e+03  -6.8142e+03  2.71e-03  3.97e-07  1.34e-02  0.00e+00  9.39e-05  3.57e-02  1.22e-04  4.70e-06  7.35e-02  7.78e-01
   14  -6.8139e+03  -6.8139e+03  3.00e-04  4.41e-08  1.49e-03  0.00e+00  1.04e-05  3.57e-02  1.44e-05  5.21e-07  9.29e-02  9.80e-01
   15  -6.8139e+03  -6.8139e+03  6.91e-05  1.01e-08  3.42e-04  0.00e+00  2.40e-06  3.57e-02  3.32e-06  1.20e-07  9.86e-03  7.78e-01
   16  -6.8139e+03  -6.8139e+03  3.71e-05  5.44e-09  1.84e-04  0.00e+00  1.29e-06  3.57e-02  1.78e-06  6.44e-08  7.35e-02  5.00e-01
   17  -6.8139e+03  -6.8139e+03  1.38e-05  2.03e-09  6.85e-05  0.00e+00  4.81e-07  3.57e-02  6.66e-07  2.40e-08  5.34e-02  6.62e-01
   18  -6.8139e+03  -6.8139e+03  1.09e-05  1.59e-09  5.37e-05  0.00e+00  3.77e-07  3.57e-02  5.23e-07  1.88e-08  6.90e-03  2.17e-01
   19  -6.8139e+03  -6.8139e+03  9.06e-06  1.33e-09  4.48e-05  0.00e+00  3.15e-07  3.57e-02  4.36e-07  1.57e-08  1.47e-03  1.65e-01
   20  -6.8139e+03  -6.8139e+03  7.40e-06  1.09e-09  3.67e-05  0.00e+00  2.57e-07  3.57e-02  3.57e-07  1.29e-08  8.77e-04  1.83e-01
   21  -6.8139e+03  -6.8139e+03  5.75e-06  8.44e-10  2.85e-05  0.00e+00  2.00e-07  3.57e-02  2.77e-07  9.98e-09  4.63e-04  2.24e-01
   22  -6.8139e+03  -6.8139e+03  3.75e-06  5.50e-10  1.86e-05  0.00e+00  1.30e-07  3.57e-02  1.81e-07  6.51e-09  4.63e-04  3.48e-01
   23  -6.8139e+03  -6.8139e+03  5.27e-07  7.73e-11  2.61e-06  0.00e+00  1.83e-08  3.57e-02  2.54e-08  9.15e-10  6.49e-04  8.60e-01
   24  -6.8139e+03  -6.8139e+03  4.47e-07  6.57e-11  2.21e-06  0.00e+00  1.55e-08  3.57e-02  2.16e-08  7.77e-10  4.63e-04  1.51e-01
   25  -6.8139e+03  -6.8139e+03  4.22e-07  6.20e-11  2.09e-06  0.00e+00  1.47e-08  3.57e-02  2.03e-08  7.33e-10  8.00e-06  5.59e-02
   26  -6.8139e+03  -6.8139e+03  4.02e-07  5.90e-11  1.99e-06  0.00e+00  1.40e-08  3.57e-02  1.94e-08  6.98e-10  1.03e-06  4.85e-02
   27  -6.8139e+03  -6.8139e+03  3.81e-07  5.58e-11  1.88e-06  0.00e+00  1.32e-08  3.57e-02  1.83e-08  6.61e-10  1.03e-06  5.31e-02
   28  -6.8139e+03  -6.8139e+03  3.56e-07  5.23e-11  1.76e-06  0.00e+00  1.24e-08  3.57e-02  1.72e-08  6.19e-10  1.03e-06  6.37e-02
   29  -6.8139e+03  -6.8139e+03  3.26e-07  4.79e-11  1.62e-06  0.00e+00  1.13e-08  3.57e-02  1.57e-08  5.66e-10  1.03e-06  8.44e-02
   30  -6.8139e+03  -6.8139e+03  2.84e-07  4.17e-11  1.41e-06  0.00e+00  9.86e-09  3.57e-02  1.37e-08  4.93e-10  1.03e-06  1.30e-01
   31  -6.8139e+03  -6.8139e+03  2.11e-07  3.09e-11  1.04e-06  0.00e+00  7.32e-09  3.57e-02  1.02e-08  3.66e-10  8.00e-06  2.57e-01
   32  -6.8139e+03  -6.8139e+03  5.80e-08  8.51e-12  2.87e-07  0.00e+00  2.01e-09  3.57e-02  2.79e-09  1.01e-10  2.65e-05  7.25e-01
   33  -6.8139e+03  -6.8139e+03  4.26e-08  6.25e-12  2.11e-07  0.00e+00  1.48e-09  3.57e-02  2.05e-09  7.40e-11  8.00e-06  2.65e-01
   34  -6.8139e+03  -6.8139e+03  3.40e-08  4.99e-12  1.68e-07  0.00e+00  1.18e-09  3.57e-02  1.64e-09  5.90e-11  1.03e-06  2.02e-01
   35  -6.8139e+03  -6.8139e+03  2.19e-08  3.22e-12  1.08e-07  0.00e+00  7.61e-10  3.57e-02  1.06e-09  3.80e-11  8.01e-06  3.55e-01
   36  -6.8139e+03  -6.8139e+03  4.38e-10  6.43e-14  2.17e-09  0.00e+00  1.52e-11  3.57e-02  2.11e-11  7.61e-13  8.01e-06  9.80e-01
optimal solution found; terminating

status is Optimal after 36 iterations and 234.349 seconds

took 239.916288078 seconds


instance syn10m03m
ran at: 2020-05-12T23:01:23.533
with solver: hypatia, system solver: qrchol_dense
number type : BigFloat


reading instance and constructing model...
took 1.38407984 seconds
building model...
took 10.166236473 seconds

solving model...

 iter        p_obj        d_obj   abs_gap   rel_gap    x_feas    y_feas    z_feas       tau       kap        mu     gamma     alpha
    0  -1.7790e+03  -5.5398e+02  5.76e+02  3.24e-01  1.02e+02  0.00e+00  7.14e-01  1.00e+00  1.00e+00  1.00e+00
    1  -4.3275e+03  -3.1078e+03  1.17e+02  2.71e-02  1.01e+02  0.00e+00  7.09e-01  2.05e-01  9.98e-01  2.03e-01  8.30e-02  8.69e-01
    2  -7.3263e+03  -6.2094e+03  3.71e+01  5.06e-03  9.18e+01  0.00e+00  6.44e-01  7.14e-02  9.44e-01  6.44e-02  1.30e-01  7.86e-01
    3  -7.6467e+03  -6.7804e+03  1.77e+01  2.31e-03  7.07e+01  0.00e+00  4.96e-01  4.42e-02  7.14e-01  3.07e-02  1.35e-01  6.05e-01
    4  -7.5581e+03  -7.1947e+03  6.00e+00  7.94e-04  2.97e+01  0.00e+00  2.08e-01  3.57e-02  2.36e-01  1.04e-02  1.59e-01  7.86e-01
    5  -7.1856e+03  -7.0005e+03  3.02e+00  4.20e-04  1.51e+01  0.00e+00  1.06e-01  3.52e-02  1.15e-01  5.23e-03  1.44e-01  5.81e-01
    6  -6.9359e+03  -6.8826e+03  8.74e-01  1.26e-04  4.35e+00  0.00e+00  3.05e-02  3.54e-02  3.18e-02  1.52e-03  3.00e-02  7.32e-01
    7  -6.9052e+03  -6.8644e+03  6.69e-01  9.69e-05  3.33e+00  0.00e+00  2.33e-02  3.55e-02  2.48e-02  1.16e-03  1.60e-01  2.79e-01
    8  -6.8596e+03  -6.8392e+03  3.36e-01  4.90e-05  1.67e+00  0.00e+00  1.17e-02  3.56e-02  1.32e-02  5.84e-04  1.44e-01  5.81e-01
    9  -6.8327e+03  -6.8257e+03  1.16e-01  1.70e-05  5.76e-01  0.00e+00  4.04e-03  3.56e-02  4.84e-03  2.02e-04  1.15e-01  7.40e-01
   10  -6.8258e+03  -6.8213e+03  7.35e-02  1.08e-05  3.64e-01  0.00e+00  2.55e-03  3.57e-02  3.10e-03  1.27e-04  1.28e-01  4.21e-01
   11  -6.8199e+03  -6.8177e+03  3.64e-02  5.34e-06  1.80e-01  0.00e+00  1.26e-03  3.57e-02  1.58e-03  6.32e-05  1.41e-01  5.87e-01
   12  -6.8156e+03  -6.8150e+03  9.68e-03  1.42e-06  4.79e-02  0.00e+00  3.36e-04  3.57e-02  4.29e-04  1.68e-05  5.62e-02  7.78e-01
   13  -6.8144e+03  -6.8142e+03  2.71e-03  3.97e-07  1.34e-02  0.00e+00  9.39e-05  3.57e-02  1.22e-04  4.70e-06  7.35e-02  7.78e-01
   14  -6.8139e+03  -6.8139e+03  3.00e-04  4.41e-08  1.49e-03  0.00e+00  1.04e-05  3.57e-02  1.44e-05  5.21e-07  9.29e-02  9.80e-01
   15  -6.8139e+03  -6.8139e+03  6.91e-05  1.01e-08  3.42e-04  0.00e+00  2.40e-06  3.57e-02  3.32e-06  1.20e-07  9.86e-03  7.78e-01
   16  -6.8139e+03  -6.8139e+03  3.71e-05  5.44e-09  1.84e-04  0.00e+00  1.29e-06  3.57e-02  1.78e-06  6.44e-08  7.35e-02  5.00e-01
   17  -6.8139e+03  -6.8139e+03  1.38e-05  2.03e-09  6.85e-05  0.00e+00  4.81e-07  3.57e-02  6.66e-07  2.40e-08  5.34e-02  6.62e-01
   18  -6.8139e+03  -6.8139e+03  1.09e-05  1.59e-09  5.37e-05  0.00e+00  3.77e-07  3.57e-02  5.23e-07  1.88e-08  6.90e-03  2.17e-01
   19  -6.8139e+03  -6.8139e+03  9.06e-06  1.33e-09  4.48e-05  0.00e+00  3.15e-07  3.57e-02  4.36e-07  1.57e-08  1.47e-03  1.65e-01
   20  -6.8139e+03  -6.8139e+03  7.40e-06  1.09e-09  3.67e-05  0.00e+00  2.57e-07  3.57e-02  3.57e-07  1.29e-08  8.77e-04  1.83e-01
   21  -6.8139e+03  -6.8139e+03  5.75e-06  8.44e-10  2.85e-05  0.00e+00  2.00e-07  3.57e-02  2.77e-07  9.98e-09  4.63e-04  2.24e-01
   22  -6.8139e+03  -6.8139e+03  3.75e-06  5.50e-10  1.86e-05  0.00e+00  1.30e-07  3.57e-02  1.81e-07  6.51e-09  4.63e-04  3.48e-01
   23  -6.8139e+03  -6.8139e+03  5.27e-07  7.73e-11  2.61e-06  0.00e+00  1.83e-08  3.57e-02  2.54e-08  9.15e-10  6.49e-04  8.60e-01
   24  -6.8139e+03  -6.8139e+03  4.47e-07  6.57e-11  2.21e-06  0.00e+00  1.55e-08  3.57e-02  2.16e-08  7.77e-10  4.63e-04  1.51e-01
   25  -6.8139e+03  -6.8139e+03  4.22e-07  6.20e-11  2.09e-06  0.00e+00  1.47e-08  3.57e-02  2.03e-08  7.33e-10  8.00e-06  5.59e-02
   26  -6.8139e+03  -6.8139e+03  4.02e-07  5.90e-11  1.99e-06  0.00e+00  1.40e-08  3.57e-02  1.94e-08  6.98e-10  1.03e-06  4.85e-02
   27  -6.8139e+03  -6.8139e+03  3.81e-07  5.58e-11  1.88e-06  0.00e+00  1.32e-08  3.57e-02  1.83e-08  6.61e-10  1.03e-06  5.31e-02
   28  -6.8139e+03  -6.8139e+03  3.56e-07  5.23e-11  1.76e-06  0.00e+00  1.24e-08  3.57e-02  1.72e-08  6.19e-10  1.03e-06  6.37e-02
   29  -6.8139e+03  -6.8139e+03  3.26e-07  4.79e-11  1.62e-06  0.00e+00  1.13e-08  3.57e-02  1.57e-08  5.66e-10  1.03e-06  8.44e-02
   30  -6.8139e+03  -6.8139e+03  2.84e-07  4.17e-11  1.41e-06  0.00e+00  9.86e-09  3.57e-02  1.37e-08  4.93e-10  1.03e-06  1.30e-01
   31  -6.8139e+03  -6.8139e+03  2.11e-07  3.09e-11  1.04e-06  0.00e+00  7.32e-09  3.57e-02  1.02e-08  3.66e-10  8.00e-06  2.57e-01
   32  -6.8139e+03  -6.8139e+03  5.80e-08  8.51e-12  2.87e-07  0.00e+00  2.01e-09  3.57e-02  2.79e-09  1.01e-10  2.65e-05  7.25e-01
   33  -6.8139e+03  -6.8139e+03  4.26e-08  6.25e-12  2.11e-07  0.00e+00  1.48e-09  3.57e-02  2.05e-09  7.40e-11  8.00e-06  2.65e-01
   34  -6.8139e+03  -6.8139e+03  3.40e-08  4.99e-12  1.68e-07  0.00e+00  1.18e-09  3.57e-02  1.64e-09  5.90e-11  1.03e-06  2.02e-01
   35  -6.8139e+03  -6.8139e+03  2.19e-08  3.22e-12  1.08e-07  0.00e+00  7.61e-10  3.57e-02  1.06e-09  3.80e-11  8.01e-06  3.55e-01
   36  -6.8139e+03  -6.8139e+03  4.38e-10  6.43e-14  2.17e-09  0.00e+00  1.52e-11  3.57e-02  2.11e-11  7.61e-13  8.01e-06  9.80e-01
optimal solution found; terminating

status is Optimal after 36 iterations and 235.426 seconds

took 240.977731511 seconds


instance syn10m03m
ran at: 2020-05-13T00:41:33.561
with solver: hypatia, system solver: qrchol_dense
number type : BigFloat


reading instance and constructing model...
took 1.387201998 seconds
building model...
took 10.315485482 seconds

solving model...

 iter        p_obj        d_obj   abs_gap   rel_gap    x_feas    y_feas    z_feas       tau       kap        mu     gamma     alpha
    0  -1.7790e+03  -5.5398e+02  5.76e+02  3.24e-01  1.02e+02  0.00e+00  7.14e-01  1.00e+00  1.00e+00  1.00e+00
    1  -4.3275e+03  -3.1078e+03  1.17e+02  2.71e-02  1.01e+02  0.00e+00  7.09e-01  2.05e-01  9.98e-01  2.03e-01  8.30e-02  8.69e-01
    2  -7.3263e+03  -6.2094e+03  3.71e+01  5.06e-03  9.18e+01  0.00e+00  6.44e-01  7.14e-02  9.44e-01  6.44e-02  1.30e-01  7.86e-01
    3  -7.6467e+03  -6.7804e+03  1.77e+01  2.31e-03  7.07e+01  0.00e+00  4.96e-01  4.42e-02  7.14e-01  3.07e-02  1.35e-01  6.05e-01
    4  -7.5581e+03  -7.1947e+03  6.00e+00  7.94e-04  2.97e+01  0.00e+00  2.08e-01  3.57e-02  2.36e-01  1.04e-02  1.59e-01  7.86e-01
    5  -7.1856e+03  -7.0005e+03  3.02e+00  4.20e-04  1.51e+01  0.00e+00  1.06e-01  3.52e-02  1.15e-01  5.23e-03  1.44e-01  5.81e-01
    6  -6.9359e+03  -6.8826e+03  8.74e-01  1.26e-04  4.35e+00  0.00e+00  3.05e-02  3.54e-02  3.18e-02  1.52e-03  3.00e-02  7.32e-01
    7  -6.9052e+03  -6.8644e+03  6.69e-01  9.69e-05  3.33e+00  0.00e+00  2.33e-02  3.55e-02  2.48e-02  1.16e-03  1.60e-01  2.79e-01
    8  -6.8596e+03  -6.8392e+03  3.36e-01  4.90e-05  1.67e+00  0.00e+00  1.17e-02  3.56e-02  1.32e-02  5.84e-04  1.44e-01  5.81e-01
    9  -6.8327e+03  -6.8257e+03  1.16e-01  1.70e-05  5.76e-01  0.00e+00  4.04e-03  3.56e-02  4.84e-03  2.02e-04  1.15e-01  7.40e-01
   10  -6.8258e+03  -6.8213e+03  7.35e-02  1.08e-05  3.64e-01  0.00e+00  2.55e-03  3.57e-02  3.10e-03  1.27e-04  1.28e-01  4.21e-01
   11  -6.8199e+03  -6.8177e+03  3.64e-02  5.34e-06  1.80e-01  0.00e+00  1.26e-03  3.57e-02  1.58e-03  6.32e-05  1.41e-01  5.87e-01
   12  -6.8156e+03  -6.8150e+03  9.68e-03  1.42e-06  4.79e-02  0.00e+00  3.36e-04  3.57e-02  4.29e-04  1.68e-05  5.62e-02  7.78e-01
   13  -6.8144e+03  -6.8142e+03  2.71e-03  3.97e-07  1.34e-02  0.00e+00  9.39e-05  3.57e-02  1.22e-04  4.70e-06  7.35e-02  7.78e-01
   14  -6.8139e+03  -6.8139e+03  3.00e-04  4.41e-08  1.49e-03  0.00e+00  1.04e-05  3.57e-02  1.44e-05  5.21e-07  9.29e-02  9.80e-01
   15  -6.8139e+03  -6.8139e+03  6.91e-05  1.01e-08  3.42e-04  0.00e+00  2.40e-06  3.57e-02  3.32e-06  1.20e-07  9.86e-03  7.78e-01
   16  -6.8139e+03  -6.8139e+03  3.71e-05  5.44e-09  1.84e-04  0.00e+00  1.29e-06  3.57e-02  1.78e-06  6.44e-08  7.35e-02  5.00e-01
   17  -6.8139e+03  -6.8139e+03  1.38e-05  2.03e-09  6.85e-05  0.00e+00  4.81e-07  3.57e-02  6.66e-07  2.40e-08  5.34e-02  6.62e-01
   18  -6.8139e+03  -6.8139e+03  1.09e-05  1.59e-09  5.37e-05  0.00e+00  3.77e-07  3.57e-02  5.23e-07  1.88e-08  6.90e-03  2.17e-01
   19  -6.8139e+03  -6.8139e+03  9.06e-06  1.33e-09  4.48e-05  0.00e+00  3.15e-07  3.57e-02  4.36e-07  1.57e-08  1.47e-03  1.65e-01
   20  -6.8139e+03  -6.8139e+03  7.40e-06  1.09e-09  3.67e-05  0.00e+00  2.57e-07  3.57e-02  3.57e-07  1.29e-08  8.77e-04  1.83e-01
   21  -6.8139e+03  -6.8139e+03  5.75e-06  8.44e-10  2.85e-05  0.00e+00  2.00e-07  3.57e-02  2.77e-07  9.98e-09  4.63e-04  2.24e-01
   22  -6.8139e+03  -6.8139e+03  3.75e-06  5.50e-10  1.86e-05  0.00e+00  1.30e-07  3.57e-02  1.81e-07  6.51e-09  4.63e-04  3.48e-01
   23  -6.8139e+03  -6.8139e+03  5.27e-07  7.73e-11  2.61e-06  0.00e+00  1.83e-08  3.57e-02  2.54e-08  9.15e-10  6.49e-04  8.60e-01
   24  -6.8139e+03  -6.8139e+03  4.47e-07  6.57e-11  2.21e-06  0.00e+00  1.55e-08  3.57e-02  2.16e-08  7.77e-10  4.63e-04  1.51e-01
   25  -6.8139e+03  -6.8139e+03  4.22e-07  6.19e-11  2.09e-06  0.00e+00  1.47e-08  3.57e-02  2.03e-08  7.32e-10  8.00e-06  5.70e-02
   26  -6.8139e+03  -6.8139e+03  4.01e-07  5.89e-11  1.99e-06  0.00e+00  1.39e-08  3.57e-02  1.93e-08  6.97e-10  1.03e-06  4.90e-02
   27  -6.8139e+03  -6.8139e+03  3.80e-07  5.58e-11  1.88e-06  0.00e+00  1.32e-08  3.57e-02  1.83e-08  6.60e-10  1.03e-06  5.31e-02
   28  -6.8139e+03  -6.8139e+03  3.55e-07  5.22e-11  1.76e-06  0.00e+00  1.23e-08  3.57e-02  1.71e-08  6.17e-10  1.03e-06  6.43e-02
   29  -6.8139e+03  -6.8139e+03  3.25e-07  4.77e-11  1.61e-06  0.00e+00  1.13e-08  3.57e-02  1.57e-08  5.65e-10  1.03e-06  8.52e-02
   30  -6.8139e+03  -6.8139e+03  2.82e-07  4.14e-11  1.40e-06  0.00e+00  9.80e-09  3.57e-02  1.36e-08  4.90e-10  1.03e-06  1.33e-01
   31  -6.8139e+03  -6.8139e+03  2.07e-07  3.04e-11  1.03e-06  0.00e+00  7.20e-09  3.57e-02  9.98e-09  3.60e-10  8.00e-06  2.65e-01
   32  -6.8139e+03  -6.8139e+03  5.08e-08  7.46e-12  2.52e-07  0.00e+00  1.77e-09  3.57e-02  2.45e-09  8.83e-11  2.65e-05  7.55e-01
   33  -6.8139e+03  -6.8139e+03  4.14e-08  6.08e-12  2.05e-07  0.00e+00  1.44e-09  3.57e-02  2.00e-09  7.20e-11  8.00e-06  1.85e-01
   34  -6.8139e+03  -6.8139e+03  2.37e-08  3.48e-12  1.17e-07  0.00e+00  8.23e-10  3.57e-02  1.14e-09  4.11e-11  1.25e-01  4.90e-01
   35  -6.8139e+03  -6.8139e+03  2.74e-09  4.02e-13  1.36e-08  0.00e+00  9.52e-11  3.57e-02  1.32e-10  4.76e-12  2.27e-03  8.86e-01
optimal solution found; terminating

status is Optimal after 35 iterations and 230.571 seconds

took 236.116477702 seconds

