
instance syn10m02h
ran at: 2020-05-12T18:26:45.261
with solver: hypatia, system solver: qrchol_dense
number type : Float64


reading instance and constructing model...
took 1.384498393 seconds
building model...
took 10.171635352 seconds

solving model...

 iter        p_obj        d_obj   abs_gap   rel_gap    x_feas    y_feas    z_feas       tau       kap        mu     gamma     alpha
    0  -2.8936e+03  -6.4835e+02  4.32e+02  1.49e-01  9.67e+00  0.00e+00  7.26e-01  1.00e+00  1.00e+00  1.00e+00
    1  -4.8311e+03  -2.6103e+03  1.27e+02  2.63e-02  9.55e+00  0.00e+00  7.17e-01  2.97e-01  9.95e-01  2.94e-01  7.35e-02  7.62e-01
    2  -4.5017e+03  -2.5166e+03  5.82e+01  1.29e-02  8.53e+00  0.00e+00  6.40e-01  1.53e-01  9.06e-01  1.35e-01  1.91e-01  6.69e-01
    3  -4.6524e+03  -2.9384e+03  3.29e+01  7.07e-03  7.35e+00  0.00e+00  5.52e-01  1.00e-01  7.55e-01  7.61e-02  1.64e-01  5.20e-01
    4  -4.9044e+03  -3.9297e+03  1.09e+01  2.23e-03  4.17e+00  0.00e+00  3.13e-01  5.87e-02  4.45e-01  2.53e-02  5.08e-02  7.03e-01
    5  -4.6473e+03  -3.7270e+03  9.46e+00  2.03e-03  3.93e+00  0.00e+00  2.95e-01  5.38e-02  4.03e-01  2.19e-02  2.10e-01  1.71e-01
    6  -3.8245e+03  -3.2133e+03  4.99e+00  1.31e-03  2.61e+00  0.00e+00  1.96e-01  4.28e-02  2.43e-01  1.16e-02  1.37e-01  5.47e-01
    7  -3.0673e+03  -2.7557e+03  2.28e+00  7.45e-04  1.33e+00  0.00e+00  9.98e-02  3.84e-02  1.13e-01  5.29e-03  1.30e-01  6.23e-01
    8  -2.6553e+03  -2.5284e+03  9.09e-01  3.42e-04  5.42e-01  0.00e+00  4.06e-02  3.75e-02  4.56e-02  2.10e-03  1.26e-01  6.89e-01
    9  -2.4396e+03  -2.3913e+03  3.44e-01  1.41e-04  2.06e-01  0.00e+00  1.54e-02  3.74e-02  1.82e-02  7.97e-04  1.52e-01  7.32e-01
   10  -2.3564e+03  -2.3390e+03  1.25e-01  5.29e-05  7.43e-02  0.00e+00  5.57e-03  3.75e-02  6.90e-03  2.88e-04  1.37e-01  7.40e-01
   11  -2.3258e+03  -2.3199e+03  4.24e-02  1.82e-05  2.52e-02  0.00e+00  1.90e-03  3.76e-02  2.40e-03  9.82e-05  9.03e-02  7.25e-01
   12  -2.3197e+03  -2.3166e+03  2.24e-02  9.66e-06  1.33e-02  0.00e+00  1.00e-03  3.76e-02  1.29e-03  5.19e-05  1.55e-01  5.58e-01
   13  -2.3133e+03  -2.3128e+03  3.70e-03  1.60e-06  2.20e-03  0.00e+00  1.65e-04  3.76e-02  2.14e-04  8.56e-06  1.92e-02  8.51e-01
   14  -2.3125e+03  -2.3123e+03  1.02e-03  4.40e-07  6.06e-04  0.00e+00  4.55e-05  3.76e-02  6.04e-05  2.35e-06  1.31e-01  8.34e-01
   15  -2.3122e+03  -2.3122e+03  2.23e-04  9.64e-08  1.33e-04  0.00e+00  9.96e-06  3.76e-02  1.33e-05  5.16e-07  6.05e-03  7.86e-01
   16  -2.3122e+03  -2.3122e+03  8.28e-05  3.58e-08  4.94e-05  0.00e+00  3.70e-06  3.76e-02  4.98e-06  1.92e-07  1.59e-01  7.47e-01
   17  -2.3121e+03  -2.3121e+03  8.37e-07  3.62e-10  4.99e-07  0.00e+00  3.74e-08  3.76e-02  5.03e-08  1.94e-09  1.03e-06  9.90e-01
   18  -2.3121e+03  -2.3121e+03  8.07e-07  3.49e-10  4.81e-07  0.00e+00  3.61e-08  3.76e-02  4.85e-08  1.87e-09  7.05e-02  3.81e-02
   19  -2.3121e+03  -2.3121e+03  4.23e-07  1.83e-10  2.41e-07  0.00e+00  1.79e-08  3.76e-02  2.41e-08  9.78e-10  7.66e-02  5.47e-01
   20  -2.3121e+03  -2.3121e+03  4.21e-07  1.82e-10  2.40e-07  0.00e+00  1.78e-08  3.76e-02  2.40e-08  9.75e-10  1.64e-01  4.62e-03
   21  -2.3121e+03  -2.3121e+03  9.21e-08  3.98e-11  6.36e-08  0.00e+00  3.98e-09  3.76e-02  5.39e-09  2.13e-10  1.22e-02  7.86e-01
   22  -2.3121e+03  -2.3121e+03  9.14e-08  3.95e-11  1.29e-07  0.00e+00  3.97e-09  3.76e-02  5.37e-09  2.12e-10  2.45e-01  4.86e-03
   23  -2.3121e+03  -2.3121e+03  7.17e-08  3.10e-11  1.00e-07  0.00e+00  3.11e-09  3.76e-02  4.21e-09  1.66e-10  9.63e-02  2.40e-01
   24  -2.3121e+03  -2.3121e+03  3.56e-08  1.54e-11  4.99e-08  0.00e+00  1.53e-09  3.76e-02  2.09e-09  8.24e-11  1.10e-01  5.70e-01
   25  -2.3121e+03  -2.3121e+03  2.83e-08  1.22e-11  3.96e-08  0.00e+00  1.22e-09  3.76e-02  1.66e-09  6.55e-11  2.61e-02  2.13e-01
   26  -2.3121e+03  -2.3121e+03  1.99e-08  8.62e-12  2.84e-08  0.00e+00  8.55e-10  3.76e-02  1.17e-09  4.61e-11  7.82e-03  2.99e-01
   27  -2.3121e+03  -2.3121e+03  1.47e-08  6.37e-12  2.10e-08  0.00e+00  6.31e-10  3.76e-02  8.62e-10  3.41e-11  1.32e-01  3.02e-01
   28  -2.3121e+03  -2.3121e+03  1.03e-08  4.44e-12  1.46e-08  0.00e+00  4.38e-10  3.76e-02  5.99e-10  2.37e-11  8.77e-04  3.05e-01
optimal solution found; terminating

status is Optimal after 28 iterations and 22.227 seconds

took 26.396818922 seconds


instance syn10m02h
ran at: 2020-05-12T21:35:03.985
with solver: hypatia, system solver: qrchol_dense
number type : BigFloat


reading instance and constructing model...
took 1.383707361 seconds
building model...
took 10.226285519 seconds

solving model...

 iter        p_obj        d_obj   abs_gap   rel_gap    x_feas    y_feas    z_feas       tau       kap        mu     gamma     alpha
    0  -2.8936e+03  -6.4835e+02  4.32e+02  1.49e-01  9.67e+00  0.00e+00  7.26e-01  1.00e+00  1.00e+00  1.00e+00
    1  -4.8311e+03  -2.6103e+03  1.27e+02  2.63e-02  9.55e+00  0.00e+00  7.17e-01  2.97e-01  9.95e-01  2.94e-01  7.35e-02  7.62e-01
    2  -4.5017e+03  -2.5166e+03  5.82e+01  1.29e-02  8.53e+00  0.00e+00  6.40e-01  1.53e-01  9.06e-01  1.35e-01  1.91e-01  6.69e-01
    3  -4.6524e+03  -2.9384e+03  3.29e+01  7.07e-03  7.35e+00  0.00e+00  5.52e-01  1.00e-01  7.55e-01  7.61e-02  1.64e-01  5.20e-01
    4  -4.9044e+03  -3.9297e+03  1.09e+01  2.23e-03  4.17e+00  0.00e+00  3.13e-01  5.87e-02  4.45e-01  2.53e-02  5.08e-02  7.03e-01
    5  -4.6473e+03  -3.7270e+03  9.46e+00  2.03e-03  3.93e+00  0.00e+00  2.95e-01  5.38e-02  4.03e-01  2.19e-02  2.10e-01  1.71e-01
    6  -3.8245e+03  -3.2133e+03  4.99e+00  1.31e-03  2.61e+00  0.00e+00  1.96e-01  4.28e-02  2.43e-01  1.16e-02  1.37e-01  5.47e-01
    7  -3.0673e+03  -2.7557e+03  2.28e+00  7.45e-04  1.33e+00  0.00e+00  9.98e-02  3.84e-02  1.13e-01  5.29e-03  1.30e-01  6.23e-01
    8  -2.6553e+03  -2.5284e+03  9.09e-01  3.42e-04  5.42e-01  0.00e+00  4.06e-02  3.75e-02  4.56e-02  2.10e-03  1.26e-01  6.89e-01
    9  -2.4396e+03  -2.3913e+03  3.44e-01  1.41e-04  2.06e-01  0.00e+00  1.54e-02  3.74e-02  1.82e-02  7.97e-04  1.52e-01  7.32e-01
   10  -2.3564e+03  -2.3390e+03  1.25e-01  5.29e-05  7.43e-02  0.00e+00  5.57e-03  3.75e-02  6.90e-03  2.88e-04  1.37e-01  7.40e-01
   11  -2.3258e+03  -2.3199e+03  4.24e-02  1.82e-05  2.52e-02  0.00e+00  1.90e-03  3.76e-02  2.40e-03  9.82e-05  9.03e-02  7.25e-01
   12  -2.3197e+03  -2.3166e+03  2.24e-02  9.66e-06  1.33e-02  0.00e+00  1.00e-03  3.76e-02  1.29e-03  5.19e-05  1.55e-01  5.58e-01
   13  -2.3133e+03  -2.3128e+03  3.70e-03  1.60e-06  2.20e-03  0.00e+00  1.65e-04  3.76e-02  2.14e-04  8.56e-06  1.92e-02  8.51e-01
   14  -2.3125e+03  -2.3123e+03  1.02e-03  4.40e-07  6.06e-04  0.00e+00  4.55e-05  3.76e-02  6.04e-05  2.35e-06  1.31e-01  8.34e-01
   15  -2.3122e+03  -2.3122e+03  2.23e-04  9.64e-08  1.33e-04  0.00e+00  9.96e-06  3.76e-02  1.33e-05  5.16e-07  6.05e-03  7.86e-01
   16  -2.3122e+03  -2.3122e+03  8.29e-05  3.59e-08  4.94e-05  0.00e+00  3.71e-06  3.75e-02  4.99e-06  1.92e-07  1.59e-01  7.47e-01
   17  -2.3121e+03  -2.3121e+03  8.37e-07  3.62e-10  4.99e-07  0.00e+00  3.74e-08  3.75e-02  5.04e-08  1.94e-09  1.03e-06  9.90e-01
   18  -2.3121e+03  -2.3121e+03  2.94e-07  1.27e-10  1.75e-07  0.00e+00  1.32e-08  3.75e-02  1.77e-08  6.80e-10  3.00e-02  6.69e-01
   19  -2.3121e+03  -2.3121e+03  1.03e-07  4.45e-11  6.13e-08  0.00e+00  4.60e-09  3.75e-02  6.24e-09  2.38e-10  1.47e-01  7.62e-01
   20  -2.3121e+03  -2.3121e+03  3.07e-09  1.33e-12  1.83e-09  0.00e+00  1.37e-10  3.75e-02  1.86e-10  7.10e-12  6.16e-05  9.70e-01
optimal solution found; terminating

status is Optimal after 20 iterations and 45.692 seconds

took 51.212241661 seconds


instance syn10m02h
ran at: 2020-05-12T22:56:31.58
with solver: hypatia, system solver: qrchol_dense
number type : BigFloat


reading instance and constructing model...
took 1.348472801 seconds
building model...
took 10.11991165 seconds

solving model...

 iter        p_obj        d_obj   abs_gap   rel_gap    x_feas    y_feas    z_feas       tau       kap        mu     gamma     alpha
    0  -2.8936e+03  -6.4835e+02  4.32e+02  1.49e-01  9.67e+00  0.00e+00  7.26e-01  1.00e+00  1.00e+00  1.00e+00
    1  -4.8311e+03  -2.6103e+03  1.27e+02  2.63e-02  9.55e+00  0.00e+00  7.17e-01  2.97e-01  9.95e-01  2.94e-01  7.35e-02  7.62e-01
    2  -4.5017e+03  -2.5166e+03  5.82e+01  1.29e-02  8.53e+00  0.00e+00  6.40e-01  1.53e-01  9.06e-01  1.35e-01  1.91e-01  6.69e-01
    3  -4.6524e+03  -2.9384e+03  3.29e+01  7.07e-03  7.35e+00  0.00e+00  5.52e-01  1.00e-01  7.55e-01  7.61e-02  1.64e-01  5.20e-01
    4  -4.9044e+03  -3.9297e+03  1.09e+01  2.23e-03  4.17e+00  0.00e+00  3.13e-01  5.87e-02  4.45e-01  2.53e-02  5.08e-02  7.03e-01
    5  -4.6473e+03  -3.7270e+03  9.46e+00  2.03e-03  3.93e+00  0.00e+00  2.95e-01  5.38e-02  4.03e-01  2.19e-02  2.10e-01  1.71e-01
    6  -3.8245e+03  -3.2133e+03  4.99e+00  1.31e-03  2.61e+00  0.00e+00  1.96e-01  4.28e-02  2.43e-01  1.16e-02  1.37e-01  5.47e-01
    7  -3.0673e+03  -2.7557e+03  2.28e+00  7.45e-04  1.33e+00  0.00e+00  9.98e-02  3.84e-02  1.13e-01  5.29e-03  1.30e-01  6.23e-01
    8  -2.6553e+03  -2.5284e+03  9.09e-01  3.42e-04  5.42e-01  0.00e+00  4.06e-02  3.75e-02  4.56e-02  2.10e-03  1.26e-01  6.89e-01
    9  -2.4396e+03  -2.3913e+03  3.44e-01  1.41e-04  2.06e-01  0.00e+00  1.54e-02  3.74e-02  1.82e-02  7.97e-04  1.52e-01  7.32e-01
   10  -2.3564e+03  -2.3390e+03  1.25e-01  5.29e-05  7.43e-02  0.00e+00  5.57e-03  3.75e-02  6.90e-03  2.88e-04  1.37e-01  7.40e-01
   11  -2.3258e+03  -2.3199e+03  4.24e-02  1.82e-05  2.52e-02  0.00e+00  1.90e-03  3.76e-02  2.40e-03  9.82e-05  9.03e-02  7.25e-01
   12  -2.3197e+03  -2.3166e+03  2.24e-02  9.66e-06  1.33e-02  0.00e+00  1.00e-03  3.76e-02  1.29e-03  5.19e-05  1.55e-01  5.58e-01
   13  -2.3133e+03  -2.3128e+03  3.70e-03  1.60e-06  2.20e-03  0.00e+00  1.65e-04  3.76e-02  2.14e-04  8.56e-06  1.92e-02  8.51e-01
   14  -2.3125e+03  -2.3123e+03  1.02e-03  4.40e-07  6.06e-04  0.00e+00  4.55e-05  3.76e-02  6.04e-05  2.35e-06  1.31e-01  8.34e-01
   15  -2.3122e+03  -2.3122e+03  2.23e-04  9.64e-08  1.33e-04  0.00e+00  9.96e-06  3.76e-02  1.33e-05  5.16e-07  6.05e-03  7.86e-01
   16  -2.3122e+03  -2.3122e+03  8.29e-05  3.59e-08  4.94e-05  0.00e+00  3.71e-06  3.75e-02  4.99e-06  1.92e-07  1.59e-01  7.47e-01
   17  -2.3121e+03  -2.3121e+03  8.37e-07  3.62e-10  4.99e-07  0.00e+00  3.74e-08  3.75e-02  5.04e-08  1.94e-09  1.03e-06  9.90e-01
   18  -2.3121e+03  -2.3121e+03  2.94e-07  1.27e-10  1.75e-07  0.00e+00  1.32e-08  3.75e-02  1.77e-08  6.80e-10  3.00e-02  6.69e-01
   19  -2.3121e+03  -2.3121e+03  1.03e-07  4.45e-11  6.13e-08  0.00e+00  4.60e-09  3.75e-02  6.24e-09  2.38e-10  1.47e-01  7.62e-01
   20  -2.3121e+03  -2.3121e+03  3.07e-09  1.33e-12  1.83e-09  0.00e+00  1.37e-10  3.75e-02  1.86e-10  7.10e-12  6.16e-05  9.70e-01
optimal solution found; terminating

status is Optimal after 20 iterations and 45.798 seconds

took 51.309614557 seconds


instance syn10m02h
ran at: 2020-05-13T00:32:41.776
with solver: hypatia, system solver: qrchol_dense
number type : BigFloat


reading instance and constructing model...
took 1.359088172 seconds
building model...
took 10.12448405 seconds

solving model...

 iter        p_obj        d_obj   abs_gap   rel_gap    x_feas    y_feas    z_feas       tau       kap        mu     gamma     alpha
    0  -2.8936e+03  -6.4835e+02  4.32e+02  1.49e-01  9.67e+00  0.00e+00  7.26e-01  1.00e+00  1.00e+00  1.00e+00
    1  -4.8311e+03  -2.6103e+03  1.27e+02  2.63e-02  9.55e+00  0.00e+00  7.17e-01  2.97e-01  9.95e-01  2.94e-01  7.35e-02  7.62e-01
    2  -4.5017e+03  -2.5166e+03  5.82e+01  1.29e-02  8.53e+00  0.00e+00  6.40e-01  1.53e-01  9.06e-01  1.35e-01  1.91e-01  6.69e-01
    3  -4.6524e+03  -2.9384e+03  3.29e+01  7.07e-03  7.35e+00  0.00e+00  5.52e-01  1.00e-01  7.55e-01  7.61e-02  1.64e-01  5.20e-01
    4  -4.9044e+03  -3.9297e+03  1.09e+01  2.23e-03  4.17e+00  0.00e+00  3.13e-01  5.87e-02  4.45e-01  2.53e-02  5.08e-02  7.03e-01
    5  -4.6473e+03  -3.7270e+03  9.46e+00  2.03e-03  3.93e+00  0.00e+00  2.95e-01  5.38e-02  4.03e-01  2.19e-02  2.10e-01  1.71e-01
    6  -3.8245e+03  -3.2133e+03  4.99e+00  1.31e-03  2.61e+00  0.00e+00  1.96e-01  4.28e-02  2.43e-01  1.16e-02  1.37e-01  5.47e-01
    7  -3.0673e+03  -2.7557e+03  2.28e+00  7.45e-04  1.33e+00  0.00e+00  9.98e-02  3.84e-02  1.13e-01  5.29e-03  1.30e-01  6.23e-01
    8  -2.6553e+03  -2.5284e+03  9.09e-01  3.42e-04  5.42e-01  0.00e+00  4.06e-02  3.75e-02  4.56e-02  2.10e-03  1.26e-01  6.89e-01
    9  -2.4396e+03  -2.3913e+03  3.44e-01  1.41e-04  2.06e-01  0.00e+00  1.54e-02  3.74e-02  1.82e-02  7.97e-04  1.52e-01  7.32e-01
   10  -2.3564e+03  -2.3390e+03  1.25e-01  5.29e-05  7.43e-02  0.00e+00  5.57e-03  3.75e-02  6.90e-03  2.88e-04  1.37e-01  7.40e-01
   11  -2.3258e+03  -2.3199e+03  4.24e-02  1.82e-05  2.52e-02  0.00e+00  1.90e-03  3.76e-02  2.40e-03  9.82e-05  9.03e-02  7.25e-01
   12  -2.3197e+03  -2.3166e+03  2.24e-02  9.66e-06  1.33e-02  0.00e+00  1.00e-03  3.76e-02  1.29e-03  5.19e-05  1.55e-01  5.58e-01
   13  -2.3133e+03  -2.3128e+03  3.70e-03  1.60e-06  2.20e-03  0.00e+00  1.65e-04  3.76e-02  2.14e-04  8.56e-06  1.92e-02  8.51e-01
   14  -2.3125e+03  -2.3123e+03  1.02e-03  4.40e-07  6.06e-04  0.00e+00  4.55e-05  3.76e-02  6.04e-05  2.35e-06  1.31e-01  8.34e-01
   15  -2.3122e+03  -2.3122e+03  2.39e-04  1.03e-07  1.42e-04  0.00e+00  1.07e-05  3.76e-02  1.42e-05  5.52e-07  6.05e-03  7.70e-01
   16  -2.3122e+03  -2.3122e+03  5.21e-05  2.25e-08  3.11e-05  0.00e+00  2.33e-06  3.75e-02  3.18e-06  1.21e-07  1.53e-01  9.23e-01
   17  -2.3121e+03  -2.3121e+03  2.56e-06  1.11e-09  1.53e-06  0.00e+00  1.15e-07  3.75e-02  1.56e-07  5.93e-09  2.65e-05  9.51e-01
   18  -2.3121e+03  -2.3121e+03  9.71e-07  4.20e-10  5.79e-07  0.00e+00  4.34e-08  3.75e-02  5.93e-08  2.25e-09  5.34e-02  6.56e-01
   19  -2.3121e+03  -2.3121e+03  2.21e-07  9.54e-11  1.32e-07  0.00e+00  9.87e-09  3.75e-02  1.35e-08  5.11e-10  1.10e-01  8.69e-01
   20  -2.3121e+03  -2.3121e+03  1.08e-08  4.69e-12  6.46e-09  0.00e+00  4.85e-10  3.75e-02  6.65e-10  2.51e-11  2.65e-05  9.51e-01
optimal solution found; terminating

status is Optimal after 20 iterations and 45.213 seconds

took 50.752412217 seconds

