
instance syn10m02m
ran at: 2020-05-12T18:13:52.244
with solver: hypatia, system solver: qrchol_dense
number type : Float64


reading instance and constructing model...
took 1.3493518 seconds
building model...
took 10.215403491 seconds

solving model...

 iter        p_obj        d_obj   abs_gap   rel_gap    x_feas    y_feas    z_feas       tau       kap        mu     gamma     alpha
    0  -1.1551e+03  -3.4832e+02  3.54e+02  3.06e-01  8.07e+01  0.00e+00  7.14e-01  1.00e+00  1.00e+00  1.00e+00
    1  -2.9416e+03  -2.1372e+03  6.82e+01  2.32e-02  8.00e+01  0.00e+00  7.08e-01  1.94e-01  9.97e-01  1.93e-01  7.05e-02  8.69e-01
    2  -4.9835e+03  -4.2507e+03  2.06e+01  4.14e-03  7.20e+01  0.00e+00  6.37e-01  6.54e-02  9.40e-01  5.83e-02  1.30e-01  8.02e-01
    3  -5.2557e+03  -4.6982e+03  9.33e+00  1.77e-03  5.41e+01  0.00e+00  4.78e-01  3.93e-02  6.98e-01  2.64e-02  1.21e-01  6.23e-01
    4  -5.1222e+03  -4.9074e+03  2.97e+00  5.80e-04  2.09e+01  0.00e+00  1.85e-01  3.24e-02  2.03e-01  8.39e-03  1.50e-01  8.02e-01
    5  -4.8781e+03  -4.7883e+03  1.23e+00  2.52e-04  8.73e+00  0.00e+00  7.73e-02  3.20e-02  8.09e-02  3.47e-03  1.31e-01  6.76e-01
    6  -4.7547e+03  -4.7321e+03  3.13e-01  6.58e-05  2.20e+00  0.00e+00  1.95e-02  3.24e-02  1.99e-02  8.84e-04  2.25e-02  7.62e-01
    7  -4.7463e+03  -4.7281e+03  2.53e-01  5.33e-05  1.77e+00  0.00e+00  1.57e-02  3.25e-02  1.64e-02  7.14e-04  1.65e-01  2.31e-01
    8  -4.7367e+03  -4.7256e+03  1.53e-01  3.24e-05  1.07e+00  0.00e+00  9.48e-03  3.26e-02  1.04e-02  4.33e-04  1.64e-01  4.71e-01
    9  -4.7278e+03  -4.7228e+03  6.91e-02  1.46e-05  4.82e-01  0.00e+00  4.26e-03  3.27e-02  4.95e-03  1.95e-04  1.45e-01  6.43e-01
   10  -4.7223e+03  -4.7199e+03  3.47e-02  7.35e-06  2.41e-01  0.00e+00  2.14e-03  3.28e-02  2.57e-03  9.80e-05  1.35e-01  5.75e-01
   11  -4.7195e+03  -4.7184e+03  1.43e-02  3.02e-06  9.90e-02  0.00e+00  8.76e-04  3.28e-02  1.10e-03  4.03e-05  1.54e-01  6.96e-01
   12  -4.7187e+03  -4.7180e+03  9.32e-03  1.98e-06  6.47e-02  0.00e+00  5.73e-04  3.28e-02  7.28e-04  2.63e-05  1.61e-01  4.13e-01
   13  -4.7175e+03  -4.7173e+03  2.33e-03  4.95e-07  1.62e-02  0.00e+00  1.43e-04  3.29e-02  1.84e-04  6.59e-06  2.64e-02  7.70e-01
   14  -4.7171e+03  -4.7171e+03  4.96e-04  1.05e-07  3.44e-03  0.00e+00  3.04e-05  3.29e-02  3.93e-05  1.40e-06  1.77e-02  8.02e-01
   15  -4.7171e+03  -4.7171e+03  3.24e-04  6.87e-08  2.24e-03  0.00e+00  1.99e-05  3.29e-02  2.59e-05  9.15e-07  1.75e-01  4.21e-01
   16  -4.7171e+03  -4.7171e+03  1.30e-04  2.76e-08  9.03e-04  0.00e+00  7.99e-06  3.29e-02  1.05e-05  3.68e-07  5.08e-02  6.30e-01
   17  -4.7170e+03  -4.7170e+03  4.82e-05  1.02e-08  3.34e-04  0.00e+00  2.95e-06  3.29e-02  3.89e-06  1.36e-07  1.92e-02  6.43e-01
   18  -4.7170e+03  -4.7170e+03  5.22e-06  1.11e-09  3.62e-05  0.00e+00  3.20e-07  3.29e-02  4.31e-07  1.47e-08  4.32e-02  9.32e-01
   19  -4.7170e+03  -4.7170e+03  2.60e-06  5.51e-10  1.80e-05  0.00e+00  1.59e-07  3.29e-02  2.15e-07  7.34e-09  1.62e-02  5.10e-01
   20  -4.7170e+03  -4.7170e+03  1.39e-06  2.94e-10  9.61e-06  0.00e+00  8.50e-08  3.29e-02  1.15e-07  3.92e-09  7.84e-03  4.71e-01
   21  -4.7170e+03  -4.7170e+03  6.85e-07  1.45e-10  4.75e-06  0.00e+00  4.20e-08  3.29e-02  5.67e-08  1.93e-09  7.82e-03  5.10e-01
   22  -4.7170e+03  -4.7170e+03  4.07e-07  8.62e-11  2.82e-06  0.00e+00  2.50e-08  3.29e-02  3.37e-08  1.15e-09  6.90e-03  4.09e-01

status is NumericalFailure after 22 iterations and 14.237 seconds

took 18.43972075 seconds
┌ Warning: very small alpha
└ @ Hypatia.Solvers ~/.julia/dev/Hypatia/src/Solvers/stepper.jl:211
┌ Warning: Hypatia status NumericalFailure not handled
└ @ Hypatia ~/.julia/dev/Hypatia/src/MathOptInterface/wrapper.jl:530


instance syn10m02m
ran at: 2020-05-12T21:12:24.505
with solver: hypatia, system solver: qrchol_dense
number type : BigFloat


reading instance and constructing model...
took 1.38751177 seconds
building model...
took 10.238964826 seconds

solving model...

 iter        p_obj        d_obj   abs_gap   rel_gap    x_feas    y_feas    z_feas       tau       kap        mu     gamma     alpha
    0  -1.1551e+03  -3.4832e+02  3.54e+02  3.06e-01  8.07e+01  0.00e+00  7.14e-01  1.00e+00  1.00e+00  1.00e+00
    1  -2.9416e+03  -2.1372e+03  6.82e+01  2.32e-02  8.00e+01  0.00e+00  7.08e-01  1.94e-01  9.97e-01  1.93e-01  7.05e-02  8.69e-01
    2  -4.9835e+03  -4.2507e+03  2.06e+01  4.14e-03  7.20e+01  0.00e+00  6.37e-01  6.54e-02  9.40e-01  5.83e-02  1.30e-01  8.02e-01
    3  -5.2557e+03  -4.6982e+03  9.33e+00  1.77e-03  5.41e+01  0.00e+00  4.78e-01  3.93e-02  6.98e-01  2.64e-02  1.21e-01  6.23e-01
    4  -5.1222e+03  -4.9074e+03  2.97e+00  5.80e-04  2.09e+01  0.00e+00  1.85e-01  3.24e-02  2.03e-01  8.39e-03  1.50e-01  8.02e-01
    5  -4.8781e+03  -4.7883e+03  1.23e+00  2.52e-04  8.73e+00  0.00e+00  7.73e-02  3.20e-02  8.09e-02  3.47e-03  1.31e-01  6.76e-01
    6  -4.7547e+03  -4.7321e+03  3.13e-01  6.58e-05  2.20e+00  0.00e+00  1.95e-02  3.24e-02  1.99e-02  8.84e-04  2.25e-02  7.62e-01
    7  -4.7463e+03  -4.7281e+03  2.53e-01  5.33e-05  1.77e+00  0.00e+00  1.57e-02  3.25e-02  1.64e-02  7.14e-04  1.65e-01  2.31e-01
    8  -4.7367e+03  -4.7256e+03  1.53e-01  3.24e-05  1.07e+00  0.00e+00  9.48e-03  3.26e-02  1.04e-02  4.33e-04  1.64e-01  4.71e-01
    9  -4.7278e+03  -4.7228e+03  6.91e-02  1.46e-05  4.82e-01  0.00e+00  4.26e-03  3.27e-02  4.95e-03  1.95e-04  1.45e-01  6.43e-01
   10  -4.7223e+03  -4.7199e+03  3.47e-02  7.35e-06  2.41e-01  0.00e+00  2.14e-03  3.28e-02  2.57e-03  9.80e-05  1.35e-01  5.75e-01
   11  -4.7195e+03  -4.7184e+03  1.43e-02  3.02e-06  9.90e-02  0.00e+00  8.76e-04  3.28e-02  1.10e-03  4.03e-05  1.54e-01  6.96e-01
   12  -4.7187e+03  -4.7180e+03  9.32e-03  1.98e-06  6.47e-02  0.00e+00  5.73e-04  3.28e-02  7.28e-04  2.63e-05  1.61e-01  4.13e-01
   13  -4.7175e+03  -4.7173e+03  2.33e-03  4.95e-07  1.62e-02  0.00e+00  1.43e-04  3.29e-02  1.84e-04  6.59e-06  2.64e-02  7.70e-01
   14  -4.7171e+03  -4.7171e+03  4.96e-04  1.05e-07  3.44e-03  0.00e+00  3.04e-05  3.29e-02  3.93e-05  1.40e-06  1.77e-02  8.02e-01
   15  -4.7171e+03  -4.7171e+03  3.24e-04  6.87e-08  2.24e-03  0.00e+00  1.99e-05  3.29e-02  2.59e-05  9.15e-07  1.75e-01  4.21e-01
   16  -4.7171e+03  -4.7171e+03  1.30e-04  2.76e-08  9.03e-04  0.00e+00  7.99e-06  3.29e-02  1.05e-05  3.68e-07  5.08e-02  6.30e-01
   17  -4.7170e+03  -4.7170e+03  4.82e-05  1.02e-08  3.34e-04  0.00e+00  2.95e-06  3.29e-02  3.89e-06  1.36e-07  1.92e-02  6.43e-01
   18  -4.7170e+03  -4.7170e+03  5.22e-06  1.11e-09  3.62e-05  0.00e+00  3.20e-07  3.29e-02  4.31e-07  1.47e-08  4.32e-02  9.32e-01
   19  -4.7170e+03  -4.7170e+03  2.63e-06  5.57e-10  1.82e-05  0.00e+00  1.61e-07  3.29e-02  2.17e-07  7.42e-09  1.62e-02  5.05e-01
   20  -4.7170e+03  -4.7170e+03  1.34e-06  2.83e-10  9.27e-06  0.00e+00  8.20e-08  3.29e-02  1.11e-07  3.78e-09  7.82e-03  4.95e-01
   21  -4.7170e+03  -4.7170e+03  7.01e-07  1.49e-10  4.86e-06  0.00e+00  4.30e-08  3.29e-02  5.80e-08  1.98e-09  8.80e-03  4.80e-01
   22  -4.7170e+03  -4.7170e+03  3.99e-07  8.45e-11  2.76e-06  0.00e+00  2.44e-08  3.29e-02  3.30e-08  1.13e-09  6.90e-03  4.34e-01
   23  -4.7170e+03  -4.7170e+03  2.43e-07  5.14e-11  1.68e-06  0.00e+00  1.49e-08  3.29e-02  2.01e-08  6.85e-10  3.28e-03  3.93e-01
   24  -4.7170e+03  -4.7170e+03  1.52e-07  3.22e-11  1.05e-06  0.00e+00  9.33e-09  3.29e-02  1.26e-08  4.30e-10  1.15e-03  3.73e-01
   25  -4.7170e+03  -4.7170e+03  9.47e-08  2.01e-11  6.57e-07  0.00e+00  5.81e-09  3.29e-02  7.84e-09  2.68e-10  4.63e-04  3.77e-01
   26  -4.7170e+03  -4.7170e+03  5.87e-08  1.24e-11  4.07e-07  0.00e+00  3.60e-09  3.29e-02  4.85e-09  1.66e-10  1.18e-04  3.81e-01
   27  -4.7170e+03  -4.7170e+03  3.52e-08  7.45e-12  2.44e-07  0.00e+00  2.16e-09  3.29e-02  2.91e-09  9.93e-11  6.16e-05  4.01e-01
   28  -4.7170e+03  -4.7170e+03  2.06e-08  4.38e-12  1.43e-07  0.00e+00  1.27e-09  3.29e-02  1.71e-09  5.83e-11  8.00e-06  4.13e-01
   29  -4.7170e+03  -4.7170e+03  1.15e-08  2.44e-12  7.97e-08  0.00e+00  7.05e-10  3.29e-02  9.52e-10  3.25e-11  2.65e-05  4.43e-01
   30  -4.7170e+03  -4.7170e+03  6.19e-09  1.31e-12  4.29e-08  0.00e+00  3.80e-10  3.29e-02  5.13e-10  1.75e-11  8.00e-06  4.61e-01
   31  -4.7170e+03  -4.7170e+03  3.16e-09  6.70e-13  2.19e-08  0.00e+00  1.94e-10  3.29e-02  2.62e-10  8.93e-12  8.00e-06  4.90e-01
   32  -4.7170e+03  -4.7170e+03  1.48e-09  3.14e-13  1.03e-08  0.00e+00  9.10e-11  3.29e-02  1.23e-10  4.19e-12  8.00e-06  5.31e-01
optimal solution found; terminating

status is Optimal after 32 iterations and 71.802 seconds

took 77.347121823 seconds


instance syn10m02m
ran at: 2020-05-12T22:33:47.106
with solver: hypatia, system solver: qrchol_dense
number type : BigFloat


reading instance and constructing model...
took 1.389350696 seconds
building model...
took 10.316992378 seconds

solving model...

 iter        p_obj        d_obj   abs_gap   rel_gap    x_feas    y_feas    z_feas       tau       kap        mu     gamma     alpha
    0  -1.1551e+03  -3.4832e+02  3.54e+02  3.06e-01  8.07e+01  0.00e+00  7.14e-01  1.00e+00  1.00e+00  1.00e+00
    1  -2.9416e+03  -2.1372e+03  6.82e+01  2.32e-02  8.00e+01  0.00e+00  7.08e-01  1.94e-01  9.97e-01  1.93e-01  7.05e-02  8.69e-01
    2  -4.9835e+03  -4.2507e+03  2.06e+01  4.14e-03  7.20e+01  0.00e+00  6.37e-01  6.54e-02  9.40e-01  5.83e-02  1.30e-01  8.02e-01
    3  -5.2557e+03  -4.6982e+03  9.33e+00  1.77e-03  5.41e+01  0.00e+00  4.78e-01  3.93e-02  6.98e-01  2.64e-02  1.21e-01  6.23e-01
    4  -5.1222e+03  -4.9074e+03  2.97e+00  5.80e-04  2.09e+01  0.00e+00  1.85e-01  3.24e-02  2.03e-01  8.39e-03  1.50e-01  8.02e-01
    5  -4.8781e+03  -4.7883e+03  1.23e+00  2.52e-04  8.73e+00  0.00e+00  7.73e-02  3.20e-02  8.09e-02  3.47e-03  1.31e-01  6.76e-01
    6  -4.7547e+03  -4.7321e+03  3.13e-01  6.58e-05  2.20e+00  0.00e+00  1.95e-02  3.24e-02  1.99e-02  8.84e-04  2.25e-02  7.62e-01
    7  -4.7463e+03  -4.7281e+03  2.53e-01  5.33e-05  1.77e+00  0.00e+00  1.57e-02  3.25e-02  1.64e-02  7.14e-04  1.65e-01  2.31e-01
    8  -4.7367e+03  -4.7256e+03  1.53e-01  3.24e-05  1.07e+00  0.00e+00  9.48e-03  3.26e-02  1.04e-02  4.33e-04  1.64e-01  4.71e-01
    9  -4.7278e+03  -4.7228e+03  6.91e-02  1.46e-05  4.82e-01  0.00e+00  4.26e-03  3.27e-02  4.95e-03  1.95e-04  1.45e-01  6.43e-01
   10  -4.7223e+03  -4.7199e+03  3.47e-02  7.35e-06  2.41e-01  0.00e+00  2.14e-03  3.28e-02  2.57e-03  9.80e-05  1.35e-01  5.75e-01
   11  -4.7195e+03  -4.7184e+03  1.43e-02  3.02e-06  9.90e-02  0.00e+00  8.76e-04  3.28e-02  1.10e-03  4.03e-05  1.54e-01  6.96e-01
   12  -4.7187e+03  -4.7180e+03  9.32e-03  1.98e-06  6.47e-02  0.00e+00  5.73e-04  3.28e-02  7.28e-04  2.63e-05  1.61e-01  4.13e-01
   13  -4.7175e+03  -4.7173e+03  2.33e-03  4.95e-07  1.62e-02  0.00e+00  1.43e-04  3.29e-02  1.84e-04  6.59e-06  2.64e-02  7.70e-01
   14  -4.7171e+03  -4.7171e+03  4.96e-04  1.05e-07  3.44e-03  0.00e+00  3.04e-05  3.29e-02  3.93e-05  1.40e-06  1.77e-02  8.02e-01
   15  -4.7171e+03  -4.7171e+03  3.24e-04  6.87e-08  2.24e-03  0.00e+00  1.99e-05  3.29e-02  2.59e-05  9.15e-07  1.75e-01  4.21e-01
   16  -4.7171e+03  -4.7171e+03  1.30e-04  2.76e-08  9.03e-04  0.00e+00  7.99e-06  3.29e-02  1.05e-05  3.68e-07  5.08e-02  6.30e-01
   17  -4.7170e+03  -4.7170e+03  4.82e-05  1.02e-08  3.34e-04  0.00e+00  2.95e-06  3.29e-02  3.89e-06  1.36e-07  1.92e-02  6.43e-01
   18  -4.7170e+03  -4.7170e+03  5.22e-06  1.11e-09  3.62e-05  0.00e+00  3.20e-07  3.29e-02  4.31e-07  1.47e-08  4.32e-02  9.32e-01
   19  -4.7170e+03  -4.7170e+03  2.63e-06  5.57e-10  1.82e-05  0.00e+00  1.61e-07  3.29e-02  2.17e-07  7.42e-09  1.62e-02  5.05e-01
   20  -4.7170e+03  -4.7170e+03  1.34e-06  2.83e-10  9.27e-06  0.00e+00  8.20e-08  3.29e-02  1.11e-07  3.78e-09  7.82e-03  4.95e-01
   21  -4.7170e+03  -4.7170e+03  7.01e-07  1.49e-10  4.86e-06  0.00e+00  4.30e-08  3.29e-02  5.80e-08  1.98e-09  8.80e-03  4.80e-01
   22  -4.7170e+03  -4.7170e+03  3.99e-07  8.45e-11  2.76e-06  0.00e+00  2.44e-08  3.29e-02  3.30e-08  1.13e-09  6.90e-03  4.34e-01
   23  -4.7170e+03  -4.7170e+03  2.43e-07  5.14e-11  1.68e-06  0.00e+00  1.49e-08  3.29e-02  2.01e-08  6.85e-10  3.28e-03  3.93e-01
   24  -4.7170e+03  -4.7170e+03  1.52e-07  3.22e-11  1.05e-06  0.00e+00  9.33e-09  3.29e-02  1.26e-08  4.30e-10  1.15e-03  3.73e-01
   25  -4.7170e+03  -4.7170e+03  9.47e-08  2.01e-11  6.57e-07  0.00e+00  5.81e-09  3.29e-02  7.84e-09  2.68e-10  4.63e-04  3.77e-01
   26  -4.7170e+03  -4.7170e+03  5.87e-08  1.24e-11  4.07e-07  0.00e+00  3.60e-09  3.29e-02  4.85e-09  1.66e-10  1.18e-04  3.81e-01
   27  -4.7170e+03  -4.7170e+03  3.52e-08  7.45e-12  2.44e-07  0.00e+00  2.16e-09  3.29e-02  2.91e-09  9.93e-11  6.16e-05  4.01e-01
   28  -4.7170e+03  -4.7170e+03  2.06e-08  4.38e-12  1.43e-07  0.00e+00  1.27e-09  3.29e-02  1.71e-09  5.83e-11  8.00e-06  4.13e-01
   29  -4.7170e+03  -4.7170e+03  1.15e-08  2.44e-12  7.97e-08  0.00e+00  7.05e-10  3.29e-02  9.52e-10  3.25e-11  2.65e-05  4.43e-01
   30  -4.7170e+03  -4.7170e+03  6.19e-09  1.31e-12  4.29e-08  0.00e+00  3.80e-10  3.29e-02  5.13e-10  1.75e-11  8.00e-06  4.61e-01
   31  -4.7170e+03  -4.7170e+03  3.13e-09  6.63e-13  2.17e-08  0.00e+00  1.92e-10  3.29e-02  2.59e-10  8.84e-12  8.00e-06  4.95e-01
   32  -4.7170e+03  -4.7170e+03  1.48e-09  3.15e-13  1.03e-08  0.00e+00  9.11e-11  3.29e-02  1.23e-10  4.19e-12  8.00e-06  5.26e-01
optimal solution found; terminating

status is Optimal after 32 iterations and 68.795 seconds

took 74.352490634 seconds


instance syn10m02m
ran at: 2020-05-13T00:11:22.303
with solver: hypatia, system solver: qrchol_dense
number type : BigFloat


reading instance and constructing model...
took 1.382108131 seconds
building model...
took 10.075692006 seconds

solving model...

 iter        p_obj        d_obj   abs_gap   rel_gap    x_feas    y_feas    z_feas       tau       kap        mu     gamma     alpha
    0  -1.1551e+03  -3.4832e+02  3.54e+02  3.06e-01  8.07e+01  0.00e+00  7.14e-01  1.00e+00  1.00e+00  1.00e+00
    1  -2.9416e+03  -2.1372e+03  6.82e+01  2.32e-02  8.00e+01  0.00e+00  7.08e-01  1.94e-01  9.97e-01  1.93e-01  7.05e-02  8.69e-01
    2  -4.9835e+03  -4.2507e+03  2.06e+01  4.14e-03  7.20e+01  0.00e+00  6.37e-01  6.54e-02  9.40e-01  5.83e-02  1.30e-01  8.02e-01
    3  -5.2557e+03  -4.6982e+03  9.33e+00  1.77e-03  5.41e+01  0.00e+00  4.78e-01  3.93e-02  6.98e-01  2.64e-02  1.21e-01  6.23e-01
    4  -5.1222e+03  -4.9074e+03  2.97e+00  5.80e-04  2.09e+01  0.00e+00  1.85e-01  3.24e-02  2.03e-01  8.39e-03  1.50e-01  8.02e-01
    5  -4.8781e+03  -4.7883e+03  1.23e+00  2.52e-04  8.73e+00  0.00e+00  7.73e-02  3.20e-02  8.09e-02  3.47e-03  1.31e-01  6.76e-01
    6  -4.7547e+03  -4.7321e+03  3.13e-01  6.58e-05  2.20e+00  0.00e+00  1.95e-02  3.24e-02  1.99e-02  8.84e-04  2.25e-02  7.62e-01
    7  -4.7463e+03  -4.7281e+03  2.53e-01  5.33e-05  1.77e+00  0.00e+00  1.57e-02  3.25e-02  1.64e-02  7.14e-04  1.65e-01  2.31e-01
    8  -4.7367e+03  -4.7256e+03  1.53e-01  3.24e-05  1.07e+00  0.00e+00  9.48e-03  3.26e-02  1.04e-02  4.33e-04  1.64e-01  4.71e-01
    9  -4.7278e+03  -4.7228e+03  6.91e-02  1.46e-05  4.82e-01  0.00e+00  4.26e-03  3.27e-02  4.95e-03  1.95e-04  1.45e-01  6.43e-01
   10  -4.7223e+03  -4.7199e+03  3.47e-02  7.35e-06  2.41e-01  0.00e+00  2.14e-03  3.28e-02  2.57e-03  9.80e-05  1.35e-01  5.75e-01
   11  -4.7195e+03  -4.7184e+03  1.43e-02  3.02e-06  9.90e-02  0.00e+00  8.76e-04  3.28e-02  1.10e-03  4.03e-05  1.54e-01  6.96e-01
   12  -4.7187e+03  -4.7180e+03  9.32e-03  1.98e-06  6.47e-02  0.00e+00  5.73e-04  3.28e-02  7.28e-04  2.63e-05  1.61e-01  4.13e-01
   13  -4.7175e+03  -4.7173e+03  2.33e-03  4.95e-07  1.62e-02  0.00e+00  1.43e-04  3.29e-02  1.84e-04  6.59e-06  2.64e-02  7.70e-01
   14  -4.7171e+03  -4.7171e+03  4.96e-04  1.05e-07  3.44e-03  0.00e+00  3.04e-05  3.29e-02  3.93e-05  1.40e-06  1.77e-02  8.02e-01
   15  -4.7171e+03  -4.7171e+03  3.24e-04  6.87e-08  2.24e-03  0.00e+00  1.99e-05  3.29e-02  2.59e-05  9.15e-07  1.75e-01  4.21e-01
   16  -4.7171e+03  -4.7171e+03  1.30e-04  2.76e-08  9.03e-04  0.00e+00  7.99e-06  3.29e-02  1.05e-05  3.68e-07  5.08e-02  6.30e-01
   17  -4.7170e+03  -4.7170e+03  4.58e-05  9.71e-09  3.17e-04  0.00e+00  2.81e-06  3.29e-02  3.70e-06  1.29e-07  2.08e-02  6.62e-01
   18  -4.7170e+03  -4.7170e+03  4.24e-06  8.98e-10  2.94e-05  0.00e+00  2.60e-07  3.29e-02  3.52e-07  1.20e-08  4.57e-02  9.51e-01
   19  -4.7170e+03  -4.7170e+03  8.08e-07  1.71e-10  5.60e-06  0.00e+00  4.96e-08  3.29e-02  6.78e-08  2.28e-09  5.88e-02  8.60e-01
   20  -4.7170e+03  -4.7170e+03  2.03e-07  4.30e-11  1.41e-06  0.00e+00  1.24e-08  3.29e-02  1.70e-08  5.73e-10  1.77e-02  7.62e-01
   21  -4.7170e+03  -4.7170e+03  6.25e-08  1.32e-11  4.33e-07  0.00e+00  3.83e-09  3.29e-02  5.27e-09  1.76e-10  7.35e-02  7.47e-01
   22  -4.7170e+03  -4.7170e+03  3.29e-08  6.97e-12  2.28e-07  0.00e+00  2.02e-09  3.29e-02  2.78e-09  9.28e-11  1.25e-01  5.42e-01
   23  -4.7170e+03  -4.7170e+03  2.52e-08  5.35e-12  1.75e-07  0.00e+00  1.55e-09  3.29e-02  2.13e-09  7.13e-11  2.75e-03  2.33e-01
   24  -4.7170e+03  -4.7170e+03  2.17e-08  4.61e-12  1.51e-07  0.00e+00  1.33e-09  3.29e-02  1.84e-09  6.14e-11  8.77e-04  1.38e-01
   25  -4.7170e+03  -4.7170e+03  1.91e-08  4.05e-12  1.32e-07  0.00e+00  1.17e-09  3.29e-02  1.61e-09  5.39e-11  4.63e-04  1.22e-01
   26  -4.7170e+03  -4.7170e+03  1.69e-08  3.58e-12  1.17e-07  0.00e+00  1.04e-09  3.29e-02  1.43e-09  4.77e-11  3.15e-04  1.15e-01
   27  -4.7170e+03  -4.7170e+03  1.51e-08  3.21e-12  1.05e-07  0.00e+00  9.28e-10  3.29e-02  1.28e-09  4.27e-11  1.18e-04  1.04e-01
   28  -4.7170e+03  -4.7170e+03  1.36e-08  2.88e-12  9.42e-08  0.00e+00  8.33e-10  3.29e-02  1.15e-09  3.84e-11  1.18e-04  1.02e-01
   29  -4.7170e+03  -4.7170e+03  1.23e-08  2.60e-12  8.51e-08  0.00e+00  7.53e-10  3.29e-02  1.04e-09  3.47e-11  6.16e-05  9.62e-02
   30  -4.7170e+03  -4.7170e+03  1.11e-08  2.36e-12  7.71e-08  0.00e+00  6.82e-10  3.29e-02  9.41e-10  3.14e-11  6.16e-05  9.42e-02
   31  -4.7170e+03  -4.7170e+03  1.01e-08  2.14e-12  7.00e-08  0.00e+00  6.20e-10  3.29e-02  8.55e-10  2.85e-11  6.16e-05  9.14e-02
   32  -4.7170e+03  -4.7170e+03  9.22e-09  1.95e-12  6.39e-08  0.00e+00  5.66e-10  3.29e-02  7.80e-10  2.60e-11  2.65e-05  8.78e-02
   33  -4.7170e+03  -4.7170e+03  8.42e-09  1.79e-12  5.84e-08  0.00e+00  5.17e-10  3.29e-02  7.12e-10  2.38e-11  2.65e-05  8.61e-02
   34  -4.7170e+03  -4.7170e+03  7.71e-09  1.64e-12  5.35e-08  0.00e+00  4.73e-10  3.29e-02  6.52e-10  2.18e-11  2.65e-05  8.44e-02
   35  -4.7170e+03  -4.7170e+03  4.73e-09  1.00e-12  3.28e-08  0.00e+00  2.90e-10  3.29e-02  4.01e-10  1.34e-11  1.53e-01  4.57e-01
   36  -4.7170e+03  -4.7170e+03  2.78e-10  5.90e-14  1.93e-09  0.00e+00  1.71e-11  3.29e-02  2.36e-11  7.86e-13  2.01e-04  9.41e-01
optimal solution found; terminating

status is Optimal after 36 iterations and 85.049 seconds

took 90.548929959 seconds


instance syn10m02m
ran at: 2020-05-14T10:37:37.289
with solver: hypatia, system solver: qrchol_dense


reading instance and constructing model...
took 1.353735907 seconds
building model...
took 10.188658549 seconds

solving model...

 iter        p_obj        d_obj   abs_gap   rel_gap    x_feas    y_feas    z_feas       tau       kap        mu     gamma     alpha
    0  -1.1551e+03  -3.4832e+02  3.54e+02  3.06e-01  8.07e+01  0.00e+00  7.14e-01  1.00e+00  1.00e+00  1.00e+00
    1  -2.8532e+03  -2.0488e+03  7.10e+01  2.49e-02  8.01e+01  0.00e+00  7.09e-01  2.02e-01  9.97e-01  2.01e-01  7.05e-02  8.60e-01
    2  -4.7545e+03  -4.0106e+03  2.32e+01  4.89e-03  7.32e+01  0.00e+00  6.48e-01  7.24e-02  9.45e-01  6.57e-02  1.26e-01  7.70e-01
    3  -5.1372e+03  -4.5574e+03  1.03e+01  2.00e-03  5.63e+01  0.00e+00  4.98e-01  4.16e-02  7.29e-01  2.90e-02  1.14e-01  6.30e-01
    4  -5.1608e+03  -4.8856e+03  3.89e+00  7.53e-04  2.67e+01  0.00e+00  2.36e-01  3.32e-02  2.86e-01  1.10e-02  1.51e-01  7.32e-01
    5  -4.9071e+03  -4.7950e+03  1.53e+00  3.12e-04  1.09e+01  0.00e+00  9.65e-02  3.20e-02  1.04e-01  4.33e-03  1.03e-01  6.76e-01
    6  -4.7732e+03  -4.7416e+03  4.38e-01  9.17e-05  3.08e+00  0.00e+00  2.73e-02  3.24e-02  2.82e-02  1.24e-03  2.43e-02  7.32e-01
    7  -4.7560e+03  -4.7328e+03  3.23e-01  6.79e-05  2.27e+00  0.00e+00  2.01e-02  3.25e-02  2.13e-02  9.12e-04  1.51e-01  3.09e-01
    8  -4.7442e+03  -4.7284e+03  2.19e-01  4.63e-05  1.53e+00  0.00e+00  1.36e-02  3.26e-02  1.49e-02  6.19e-04  1.67e-01  3.85e-01
    9  -4.7284e+03  -4.7231e+03  7.30e-02  1.54e-05  5.09e-01  0.00e+00  4.51e-03  3.27e-02  5.33e-03  2.06e-04  1.16e-01  7.55e-01
   10  -4.7224e+03  -4.7198e+03  3.58e-02  7.59e-06  2.49e-01  0.00e+00  2.20e-03  3.28e-02  2.66e-03  1.01e-04  8.81e-02  5.58e-01
   11  -4.7203e+03  -4.7189e+03  1.96e-02  4.15e-06  1.36e-01  0.00e+00  1.20e-03  3.28e-02  1.49e-03  5.53e-05  1.54e-01  5.36e-01
   12  -4.7183e+03  -4.7178e+03  7.58e-03  1.61e-06  5.25e-02  0.00e+00  4.65e-04  3.29e-02  5.97e-04  2.14e-05  1.37e-01  7.10e-01
   13  -4.7174e+03  -4.7173e+03  2.11e-03  4.47e-07  1.46e-02  0.00e+00  1.29e-04  3.29e-02  1.72e-04  5.95e-06  1.35e-01  8.34e-01
   14  -4.7171e+03  -4.7171e+03  3.39e-04  7.19e-08  2.35e-03  0.00e+00  2.08e-05  3.29e-02  2.78e-05  9.58e-07  4.56e-03  8.43e-01
   15  -4.7171e+03  -4.7171e+03  1.13e-04  2.40e-08  7.86e-04  0.00e+00  6.95e-06  3.29e-02  9.31e-06  3.20e-07  3.41e-02  6.89e-01
   16  -4.7170e+03  -4.7170e+03  4.28e-05  9.08e-09  2.97e-04  0.00e+00  2.63e-06  3.29e-02  3.55e-06  1.21e-07  1.07e-01  6.96e-01
   17  -4.7170e+03  -4.7170e+03  1.49e-05  3.17e-09  1.04e-04  0.00e+00  9.17e-07  3.29e-02  1.24e-06  4.22e-08  3.63e-02  6.76e-01
   18  -4.7170e+03  -4.7170e+03  3.40e-06  7.21e-10  2.36e-05  0.00e+00  2.09e-07  3.29e-02  2.84e-07  9.61e-09  3.63e-02  8.02e-01
   19  -4.7170e+03  -4.7170e+03  1.32e-06  2.80e-10  9.16e-06  0.00e+00  8.11e-08  3.29e-02  1.11e-07  3.73e-09  3.85e-02  6.36e-01
   20  -4.7170e+03  -4.7170e+03  9.94e-07  2.11e-10  6.90e-06  0.00e+00  6.11e-08  3.29e-02  8.35e-08  2.81e-09  1.75e-01  2.99e-01
   21  -4.7170e+03  -4.7170e+03  9.89e-07  2.10e-10  6.87e-06  0.00e+00  6.08e-08  3.29e-02  8.31e-08  2.79e-09  1.77e-01  5.82e-03

status is NumericalFailure after 21 iterations and 21.39 seconds

took 25.363957813 seconds
┌ Warning: switching Hessian cache from Cholesky to Bunch Kaufman
└ @ Hypatia.Cones ~/.julia/dev/Hypatia/src/Cones/Cones.jl:94
┌ Warning: switching Hessian cache from Cholesky to Bunch Kaufman
└ @ Hypatia.Cones ~/.julia/dev/Hypatia/src/Cones/Cones.jl:94
┌ Warning: switching Hessian cache from Cholesky to Bunch Kaufman
└ @ Hypatia.Cones ~/.julia/dev/Hypatia/src/Cones/Cones.jl:94
┌ Warning: switching Hessian cache from Cholesky to Bunch Kaufman
└ @ Hypatia.Cones ~/.julia/dev/Hypatia/src/Cones/Cones.jl:94
┌ Warning: very small alpha
└ @ Hypatia.Solvers ~/.julia/dev/Hypatia/src/Solvers/stepper.jl:211
┌ Warning: Hypatia status NumericalFailure not handled
└ @ Hypatia ~/.julia/dev/Hypatia/src/MathOptInterface/wrapper.jl:530


instance syn10m02m
ran at: 2020-05-14T11:37:44.003
with solver: hypatia, system solver: qrchol_dense


reading instance and constructing model...
took 1.345335465 seconds
building model...
took 10.111808471 seconds

solving model...

 iter        p_obj        d_obj   abs_gap   rel_gap    x_feas    y_feas    z_feas       tau       kap        mu     gamma     alpha
    0  -1.1551e+03  -3.4832e+02  3.54e+02  3.06e-01  8.07e+01  0.00e+00  7.14e-01  1.00e+00  1.00e+00  1.00e+00
    1  -2.8532e+03  -2.0488e+03  7.10e+01  2.49e-02  8.01e+01  0.00e+00  7.09e-01  2.02e-01  9.97e-01  2.01e-01  7.05e-02  8.60e-01
    2  -4.7545e+03  -4.0106e+03  2.32e+01  4.89e-03  7.32e+01  0.00e+00  6.48e-01  7.24e-02  9.45e-01  6.57e-02  1.26e-01  7.70e-01
    3  -5.1372e+03  -4.5574e+03  1.03e+01  2.00e-03  5.63e+01  0.00e+00  4.98e-01  4.16e-02  7.29e-01  2.90e-02  1.14e-01  6.30e-01
    4  -5.1608e+03  -4.8856e+03  3.89e+00  7.53e-04  2.67e+01  0.00e+00  2.36e-01  3.32e-02  2.86e-01  1.10e-02  1.51e-01  7.32e-01
    5  -4.9071e+03  -4.7950e+03  1.53e+00  3.12e-04  1.09e+01  0.00e+00  9.65e-02  3.20e-02  1.04e-01  4.33e-03  1.03e-01  6.76e-01
    6  -4.7732e+03  -4.7416e+03  4.38e-01  9.17e-05  3.08e+00  0.00e+00  2.73e-02  3.24e-02  2.82e-02  1.24e-03  2.43e-02  7.32e-01
    7  -4.7560e+03  -4.7328e+03  3.23e-01  6.79e-05  2.27e+00  0.00e+00  2.01e-02  3.25e-02  2.13e-02  9.12e-04  1.51e-01  3.09e-01
    8  -4.7442e+03  -4.7284e+03  2.19e-01  4.63e-05  1.53e+00  0.00e+00  1.36e-02  3.26e-02  1.49e-02  6.19e-04  1.67e-01  3.85e-01
    9  -4.7284e+03  -4.7231e+03  7.30e-02  1.54e-05  5.09e-01  0.00e+00  4.51e-03  3.27e-02  5.33e-03  2.06e-04  1.16e-01  7.55e-01
   10  -4.7224e+03  -4.7198e+03  3.58e-02  7.59e-06  2.49e-01  0.00e+00  2.20e-03  3.28e-02  2.66e-03  1.01e-04  8.81e-02  5.58e-01
   11  -4.7203e+03  -4.7189e+03  1.96e-02  4.15e-06  1.36e-01  0.00e+00  1.20e-03  3.28e-02  1.49e-03  5.53e-05  1.54e-01  5.36e-01
   12  -4.7183e+03  -4.7178e+03  7.58e-03  1.61e-06  5.25e-02  0.00e+00  4.65e-04  3.29e-02  5.97e-04  2.14e-05  1.37e-01  7.10e-01
   13  -4.7174e+03  -4.7173e+03  2.11e-03  4.47e-07  1.46e-02  0.00e+00  1.29e-04  3.29e-02  1.72e-04  5.95e-06  1.35e-01  8.34e-01
   14  -4.7171e+03  -4.7171e+03  3.39e-04  7.19e-08  2.35e-03  0.00e+00  2.08e-05  3.29e-02  2.78e-05  9.58e-07  4.56e-03  8.43e-01
   15  -4.7171e+03  -4.7171e+03  1.13e-04  2.40e-08  7.86e-04  0.00e+00  6.95e-06  3.29e-02  9.31e-06  3.20e-07  3.41e-02  6.89e-01
   16  -4.7170e+03  -4.7170e+03  4.28e-05  9.08e-09  2.97e-04  0.00e+00  2.63e-06  3.29e-02  3.55e-06  1.21e-07  1.07e-01  6.96e-01
   17  -4.7170e+03  -4.7170e+03  1.49e-05  3.17e-09  1.04e-04  0.00e+00  9.17e-07  3.29e-02  1.24e-06  4.22e-08  3.63e-02  6.76e-01
   18  -4.7170e+03  -4.7170e+03  2.31e-06  4.89e-10  1.60e-05  0.00e+00  1.42e-07  3.28e-02  1.94e-07  6.51e-09  3.63e-02  8.77e-01
   19  -4.7170e+03  -4.7170e+03  1.71e-06  3.63e-10  1.23e-05  0.00e+00  1.08e-07  3.24e-02  1.47e-07  4.84e-09  2.18e-01  3.15e-01
   20  -4.7170e+03  -4.7170e+03  1.29e-06  2.74e-10  9.41e-06  0.00e+00  8.10e-08  3.24e-02  1.10e-07  3.65e-09  1.91e-01  3.12e-01
   21  -4.7170e+03  -4.7170e+03  1.26e-06  2.68e-10  9.00e-06  0.00e+00  7.94e-08  3.24e-02  1.08e-07  3.57e-09  2.37e-01  2.66e-02
   22  -4.7170e+03  -4.7170e+03  1.21e-06  2.57e-10  9.75e-06  0.00e+00  7.67e-08  3.24e-02  1.04e-07  3.42e-09  2.34e-01  4.52e-02
   23  -4.7170e+03  -4.7170e+03  9.03e-07  1.91e-10  7.70e-06  0.00e+00  5.75e-08  3.24e-02  7.84e-08  2.55e-09  1.82e-01  3.05e-01
   24  -4.7170e+03  -4.7170e+03  8.75e-07  1.86e-10  7.41e-06  0.00e+00  5.57e-08  3.24e-02  7.60e-08  2.47e-09  2.44e-01  4.18e-02
   25  -4.7170e+03  -4.7170e+03  8.53e-07  1.81e-10  7.22e-06  0.00e+00  5.43e-08  3.24e-02  7.40e-08  2.41e-09  2.46e-01  3.38e-02
   26  -4.7170e+03  -4.7170e+03  8.47e-07  1.79e-10  7.57e-06  0.00e+00  5.39e-08  3.24e-02  7.36e-08  2.39e-09  2.47e-01  8.11e-03
   27  -4.7170e+03  -4.7170e+03  8.38e-07  1.78e-10  7.50e-06  0.00e+00  5.34e-08  3.24e-02  7.29e-08  2.37e-09  2.46e-01  1.29e-02
   28  -4.7170e+03  -4.7170e+03  8.37e-07  1.78e-10  7.49e-06  0.00e+00  5.33e-08  3.24e-02  7.28e-08  2.37e-09  2.38e-01  1.66e-03

status is NumericalFailure after 28 iterations and 9.902 seconds

took 14.016621813 seconds
┌ Warning: switching Hessian cache from Cholesky to Bunch Kaufman
└ @ Hypatia.Cones ~/.julia/dev/Hypatia/src/Cones/Cones.jl:94
┌ Warning: switching Hessian cache from Cholesky to Bunch Kaufman
└ @ Hypatia.Cones ~/.julia/dev/Hypatia/src/Cones/Cones.jl:94
┌ Warning: switching Hessian cache from Cholesky to Bunch Kaufman
└ @ Hypatia.Cones ~/.julia/dev/Hypatia/src/Cones/Cones.jl:94
┌ Warning: switching Hessian cache from Cholesky to Bunch Kaufman
└ @ Hypatia.Cones ~/.julia/dev/Hypatia/src/Cones/Cones.jl:94
┌ Warning: switching Hessian cache from Cholesky to Bunch Kaufman
└ @ Hypatia.Cones ~/.julia/dev/Hypatia/src/Cones/Cones.jl:94
┌ Warning: switching Hessian cache from Cholesky to Bunch Kaufman
└ @ Hypatia.Cones ~/.julia/dev/Hypatia/src/Cones/Cones.jl:94
┌ Warning: switching Hessian cache from Cholesky to Bunch Kaufman
└ @ Hypatia.Cones ~/.julia/dev/Hypatia/src/Cones/Cones.jl:94
┌ Warning: switching Hessian cache from Cholesky to Bunch Kaufman
└ @ Hypatia.Cones ~/.julia/dev/Hypatia/src/Cones/Cones.jl:94
┌ Warning: switching Hessian cache from Cholesky to Bunch Kaufman
└ @ Hypatia.Cones ~/.julia/dev/Hypatia/src/Cones/Cones.jl:94
┌ Warning: very small alpha
└ @ Hypatia.Solvers ~/.julia/dev/Hypatia/src/Solvers/stepper.jl:211
┌ Warning: Hypatia status NumericalFailure not handled
└ @ Hypatia ~/.julia/dev/Hypatia/src/MathOptInterface/wrapper.jl:530

