
instance syn15h
ran at: 2020-05-12T18:16:20.766
with solver: hypatia, system solver: qrchol_dense
number type : Float64


reading instance and constructing model...
took 1.391276576 seconds
building model...
took 10.241949103 seconds

solving model...

 iter        p_obj        d_obj   abs_gap   rel_gap    x_feas    y_feas    z_feas       tau       kap        mu     gamma     alpha
    0  -5.9605e+02  -1.4954e+02  2.81e+02  4.71e-01  1.23e+01  0.00e+00  6.54e-01  1.00e+00  1.00e+00  1.00e+00
    1  -1.3861e+03  -9.4049e+02  5.86e+01  4.23e-02  1.21e+01  0.00e+00  6.47e-01  2.11e-01  9.97e-01  2.09e-01  7.98e-02  8.60e-01
    2  -2.0108e+03  -1.6460e+03  2.36e+01  1.17e-02  9.82e+00  0.00e+00  5.23e-01  1.05e-01  8.52e-01  8.39e-02  1.84e-01  7.32e-01
    3  -1.8807e+03  -1.5745e+03  1.68e+01  8.96e-03  8.23e+00  0.00e+00  4.38e-01  8.94e-02  6.60e-01  5.99e-02  1.88e-01  3.52e-01
    4  -1.7787e+03  -1.5477e+03  1.04e+01  5.85e-03  6.19e+00  0.00e+00  3.30e-01  7.34e-02  4.53e-01  3.70e-02  1.37e-01  4.43e-01
    5  -1.5299e+03  -1.4033e+03  4.47e+00  2.92e-03  3.38e+00  0.00e+00  1.80e-01  5.78e-02  2.24e-01  1.59e-02  1.97e-01  7.10e-01
    6  -1.2866e+03  -1.2031e+03  2.51e+00  1.95e-03  2.22e+00  0.00e+00  1.18e-01  4.93e-02  1.40e-01  8.92e-03  1.38e-01  5.10e-01
    7  -1.0134e+03  -9.8073e+02  8.69e-01  8.58e-04  8.66e-01  0.00e+00  4.62e-02  4.38e-02  5.34e-02  3.09e-03  8.95e-02  7.18e-01
    8  -8.9995e+02  -8.8904e+02  2.82e-01  3.13e-04  2.89e-01  0.00e+00  1.54e-02  4.26e-02  1.83e-02  1.00e-03  7.66e-02  7.32e-01
    9  -8.6774e+02  -8.6429e+02  8.38e-02  9.66e-05  9.04e-02  0.00e+00  4.82e-03  4.05e-02  6.78e-03  2.98e-04  1.92e-01  8.69e-01
   10  -8.5528e+02  -8.5507e+02  5.28e-03  6.17e-06  5.70e-03  0.00e+00  3.04e-04  4.04e-02  4.56e-04  1.88e-05  5.34e-02  9.90e-01
   11  -8.5435e+02  -8.5434e+02  1.58e-04  1.85e-07  1.71e-04  0.00e+00  9.11e-06  4.04e-02  1.37e-05  5.63e-07  2.01e-04  9.70e-01
   12  -8.5433e+02  -8.5433e+02  3.06e-05  3.58e-08  3.30e-05  0.00e+00  1.76e-06  4.04e-02  2.64e-06  1.09e-07  1.35e-02  8.18e-01
   13  -8.5432e+02  -8.5432e+02  6.08e-06  7.12e-09  6.56e-06  0.00e+00  3.50e-07  4.04e-02  5.25e-07  2.17e-08  4.63e-04  8.02e-01
   14  -8.5432e+02  -8.5432e+02  4.72e-07  5.52e-10  5.11e-07  0.00e+00  2.72e-08  4.04e-02  4.08e-08  1.68e-09  3.15e-04  9.23e-01
   15  -8.5432e+02  -8.5432e+02  1.23e-07  1.44e-10  1.33e-07  0.00e+00  7.07e-09  4.04e-02  1.06e-08  4.37e-10  9.86e-03  7.47e-01
   16  -8.5432e+02  -8.5432e+02  1.21e-07  1.42e-10  1.31e-07  0.00e+00  6.98e-09  4.04e-02  1.05e-08  4.31e-10  1.71e-01  1.50e-02
   17  -8.5432e+02  -8.5432e+02  6.61e-08  7.74e-11  7.53e-08  0.00e+00  3.80e-09  4.04e-02  5.73e-09  2.35e-10  1.59e-01  5.42e-01
   18  -8.5432e+02  -8.5432e+02  8.52e-09  9.97e-12  9.50e-09  0.00e+00  4.88e-10  4.04e-02  7.39e-10  3.03e-11  4.57e-02  9.13e-01
optimal solution found; terminating

status is Optimal after 18 iterations and 15.103 seconds

took 19.307799504 seconds


instance syn15h
ran at: 2020-05-12T21:15:49.18
with solver: hypatia, system solver: qrchol_dense
number type : BigFloat


reading instance and constructing model...
took 1.351981999 seconds
building model...
took 10.124877242 seconds

solving model...

 iter        p_obj        d_obj   abs_gap   rel_gap    x_feas    y_feas    z_feas       tau       kap        mu     gamma     alpha
    0  -5.9605e+02  -1.4954e+02  2.81e+02  4.71e-01  1.23e+01  0.00e+00  6.54e-01  1.00e+00  1.00e+00  1.00e+00
    1  -1.3861e+03  -9.4049e+02  5.86e+01  4.23e-02  1.21e+01  0.00e+00  6.47e-01  2.11e-01  9.97e-01  2.09e-01  7.98e-02  8.60e-01
    2  -2.0108e+03  -1.6460e+03  2.36e+01  1.17e-02  9.82e+00  0.00e+00  5.23e-01  1.05e-01  8.52e-01  8.39e-02  1.84e-01  7.32e-01
    3  -1.8807e+03  -1.5745e+03  1.68e+01  8.96e-03  8.23e+00  0.00e+00  4.38e-01  8.94e-02  6.60e-01  5.99e-02  1.88e-01  3.52e-01
    4  -1.7787e+03  -1.5477e+03  1.04e+01  5.85e-03  6.19e+00  0.00e+00  3.30e-01  7.34e-02  4.53e-01  3.70e-02  1.37e-01  4.43e-01
    5  -1.5299e+03  -1.4033e+03  4.47e+00  2.92e-03  3.38e+00  0.00e+00  1.80e-01  5.78e-02  2.24e-01  1.59e-02  1.97e-01  7.10e-01
    6  -1.2866e+03  -1.2031e+03  2.51e+00  1.95e-03  2.22e+00  0.00e+00  1.18e-01  4.93e-02  1.40e-01  8.92e-03  1.38e-01  5.10e-01
    7  -1.0134e+03  -9.8073e+02  8.69e-01  8.58e-04  8.66e-01  0.00e+00  4.62e-02  4.38e-02  5.34e-02  3.09e-03  8.95e-02  7.18e-01
    8  -8.9995e+02  -8.8904e+02  2.82e-01  3.13e-04  2.89e-01  0.00e+00  1.54e-02  4.26e-02  1.83e-02  1.00e-03  7.66e-02  7.32e-01
    9  -8.6774e+02  -8.6429e+02  8.38e-02  9.66e-05  9.04e-02  0.00e+00  4.82e-03  4.05e-02  6.78e-03  2.98e-04  1.92e-01  8.69e-01
   10  -8.5528e+02  -8.5507e+02  5.28e-03  6.17e-06  5.70e-03  0.00e+00  3.04e-04  4.04e-02  4.56e-04  1.88e-05  5.34e-02  9.90e-01
   11  -8.5435e+02  -8.5434e+02  1.58e-04  1.85e-07  1.71e-04  0.00e+00  9.11e-06  4.04e-02  1.37e-05  5.63e-07  2.01e-04  9.70e-01
   12  -8.5433e+02  -8.5433e+02  3.06e-05  3.58e-08  3.30e-05  0.00e+00  1.76e-06  4.05e-02  2.64e-06  1.09e-07  1.35e-02  8.18e-01
   13  -8.5432e+02  -8.5432e+02  6.08e-06  7.12e-09  6.56e-06  0.00e+00  3.50e-07  4.05e-02  5.24e-07  2.16e-08  4.63e-04  8.02e-01
   14  -8.5432e+02  -8.5432e+02  5.84e-07  6.84e-10  6.31e-07  0.00e+00  3.36e-08  4.05e-02  5.04e-08  2.08e-09  4.63e-04  9.04e-01
   15  -8.5432e+02  -8.5432e+02  5.77e-08  6.75e-11  6.22e-08  0.00e+00  3.32e-09  4.05e-02  4.98e-09  2.05e-10  3.28e-03  9.04e-01
   16  -8.5432e+02  -8.5432e+02  6.86e-09  8.03e-12  7.41e-09  0.00e+00  3.95e-10  4.05e-02  6.01e-10  2.44e-11  7.35e-02  9.51e-01
optimal solution found; terminating

status is Optimal after 16 iterations and 18.013 seconds

took 23.536653012 seconds


instance syn15h
ran at: 2020-05-12T22:37:08.764
with solver: hypatia, system solver: qrchol_dense
number type : BigFloat


reading instance and constructing model...
took 1.384660307 seconds
building model...
took 10.154142579 seconds

solving model...

 iter        p_obj        d_obj   abs_gap   rel_gap    x_feas    y_feas    z_feas       tau       kap        mu     gamma     alpha
    0  -5.9605e+02  -1.4954e+02  2.81e+02  4.71e-01  1.23e+01  0.00e+00  6.54e-01  1.00e+00  1.00e+00  1.00e+00
    1  -1.3861e+03  -9.4049e+02  5.86e+01  4.23e-02  1.21e+01  0.00e+00  6.47e-01  2.11e-01  9.97e-01  2.09e-01  7.98e-02  8.60e-01
    2  -2.0108e+03  -1.6460e+03  2.36e+01  1.17e-02  9.82e+00  0.00e+00  5.23e-01  1.05e-01  8.52e-01  8.39e-02  1.84e-01  7.32e-01
    3  -1.8807e+03  -1.5745e+03  1.68e+01  8.96e-03  8.23e+00  0.00e+00  4.38e-01  8.94e-02  6.60e-01  5.99e-02  1.88e-01  3.52e-01
    4  -1.7787e+03  -1.5477e+03  1.04e+01  5.85e-03  6.19e+00  0.00e+00  3.30e-01  7.34e-02  4.53e-01  3.70e-02  1.37e-01  4.43e-01
    5  -1.5299e+03  -1.4033e+03  4.47e+00  2.92e-03  3.38e+00  0.00e+00  1.80e-01  5.78e-02  2.24e-01  1.59e-02  1.97e-01  7.10e-01
    6  -1.2866e+03  -1.2031e+03  2.51e+00  1.95e-03  2.22e+00  0.00e+00  1.18e-01  4.93e-02  1.40e-01  8.92e-03  1.38e-01  5.10e-01
    7  -1.0134e+03  -9.8073e+02  8.69e-01  8.58e-04  8.66e-01  0.00e+00  4.62e-02  4.38e-02  5.34e-02  3.09e-03  8.95e-02  7.18e-01
    8  -8.9995e+02  -8.8904e+02  2.82e-01  3.13e-04  2.89e-01  0.00e+00  1.54e-02  4.26e-02  1.83e-02  1.00e-03  7.66e-02  7.32e-01
    9  -8.6774e+02  -8.6429e+02  8.38e-02  9.66e-05  9.04e-02  0.00e+00  4.82e-03  4.05e-02  6.78e-03  2.98e-04  1.92e-01  8.69e-01
   10  -8.5528e+02  -8.5507e+02  5.28e-03  6.17e-06  5.70e-03  0.00e+00  3.04e-04  4.04e-02  4.56e-04  1.88e-05  5.34e-02  9.90e-01
   11  -8.5435e+02  -8.5434e+02  1.58e-04  1.85e-07  1.71e-04  0.00e+00  9.11e-06  4.04e-02  1.37e-05  5.63e-07  2.01e-04  9.70e-01
   12  -8.5433e+02  -8.5433e+02  3.06e-05  3.58e-08  3.30e-05  0.00e+00  1.76e-06  4.05e-02  2.64e-06  1.09e-07  1.35e-02  8.18e-01
   13  -8.5432e+02  -8.5432e+02  6.08e-06  7.12e-09  6.56e-06  0.00e+00  3.50e-07  4.05e-02  5.24e-07  2.16e-08  4.63e-04  8.02e-01
   14  -8.5432e+02  -8.5432e+02  5.84e-07  6.84e-10  6.31e-07  0.00e+00  3.36e-08  4.05e-02  5.04e-08  2.08e-09  4.63e-04  9.04e-01
   15  -8.5432e+02  -8.5432e+02  5.77e-08  6.75e-11  6.22e-08  0.00e+00  3.32e-09  4.05e-02  4.98e-09  2.05e-10  3.28e-03  9.04e-01
   16  -8.5432e+02  -8.5432e+02  6.86e-09  8.03e-12  7.41e-09  0.00e+00  3.95e-10  4.05e-02  6.01e-10  2.44e-11  7.35e-02  9.51e-01
optimal solution found; terminating

status is Optimal after 16 iterations and 18.183 seconds

took 23.7245963 seconds


instance syn15h
ran at: 2020-05-13T00:14:58.011
with solver: hypatia, system solver: qrchol_dense
number type : BigFloat


reading instance and constructing model...
took 1.391786445 seconds
building model...
took 10.273826507 seconds

solving model...

 iter        p_obj        d_obj   abs_gap   rel_gap    x_feas    y_feas    z_feas       tau       kap        mu     gamma     alpha
    0  -5.9605e+02  -1.4954e+02  2.81e+02  4.71e-01  1.23e+01  0.00e+00  6.54e-01  1.00e+00  1.00e+00  1.00e+00
    1  -1.3861e+03  -9.4049e+02  5.86e+01  4.23e-02  1.21e+01  0.00e+00  6.47e-01  2.11e-01  9.97e-01  2.09e-01  7.98e-02  8.60e-01
    2  -2.0108e+03  -1.6460e+03  2.36e+01  1.17e-02  9.82e+00  0.00e+00  5.23e-01  1.05e-01  8.52e-01  8.39e-02  1.84e-01  7.32e-01
    3  -1.8807e+03  -1.5745e+03  1.68e+01  8.96e-03  8.23e+00  0.00e+00  4.38e-01  8.94e-02  6.60e-01  5.99e-02  1.88e-01  3.52e-01
    4  -1.7787e+03  -1.5477e+03  1.04e+01  5.85e-03  6.19e+00  0.00e+00  3.30e-01  7.34e-02  4.53e-01  3.70e-02  1.37e-01  4.43e-01
    5  -1.5299e+03  -1.4033e+03  4.47e+00  2.92e-03  3.38e+00  0.00e+00  1.80e-01  5.78e-02  2.24e-01  1.59e-02  1.97e-01  7.10e-01
    6  -1.2866e+03  -1.2031e+03  2.51e+00  1.95e-03  2.22e+00  0.00e+00  1.18e-01  4.93e-02  1.40e-01  8.92e-03  1.38e-01  5.10e-01
    7  -1.0134e+03  -9.8073e+02  8.69e-01  8.58e-04  8.66e-01  0.00e+00  4.62e-02  4.38e-02  5.34e-02  3.09e-03  8.95e-02  7.18e-01
    8  -8.9995e+02  -8.8904e+02  2.82e-01  3.13e-04  2.89e-01  0.00e+00  1.54e-02  4.26e-02  1.83e-02  1.00e-03  7.66e-02  7.32e-01
    9  -8.6774e+02  -8.6429e+02  8.38e-02  9.66e-05  9.04e-02  0.00e+00  4.82e-03  4.05e-02  6.78e-03  2.98e-04  1.92e-01  8.69e-01
   10  -8.5528e+02  -8.5507e+02  5.28e-03  6.17e-06  5.70e-03  0.00e+00  3.04e-04  4.04e-02  4.56e-04  1.88e-05  5.34e-02  9.90e-01
   11  -8.5435e+02  -8.5434e+02  1.58e-04  1.85e-07  1.71e-04  0.00e+00  9.11e-06  4.04e-02  1.37e-05  5.63e-07  2.01e-04  9.70e-01
   12  -8.5433e+02  -8.5433e+02  3.06e-05  3.58e-08  3.30e-05  0.00e+00  1.76e-06  4.05e-02  2.64e-06  1.09e-07  1.35e-02  8.18e-01
   13  -8.5432e+02  -8.5432e+02  6.08e-06  7.12e-09  6.56e-06  0.00e+00  3.50e-07  4.05e-02  5.24e-07  2.16e-08  4.63e-04  8.02e-01
   14  -8.5432e+02  -8.5432e+02  5.84e-07  6.84e-10  6.31e-07  0.00e+00  3.36e-08  4.05e-02  5.04e-08  2.08e-09  4.63e-04  9.04e-01
   15  -8.5432e+02  -8.5432e+02  5.77e-08  6.75e-11  6.22e-08  0.00e+00  3.32e-09  4.05e-02  4.98e-09  2.05e-10  3.28e-03  9.04e-01
   16  -8.5432e+02  -8.5432e+02  6.86e-09  8.03e-12  7.41e-09  0.00e+00  3.95e-10  4.05e-02  6.01e-10  2.44e-11  7.35e-02  9.51e-01
optimal solution found; terminating

status is Optimal after 16 iterations and 18.151 seconds

took 23.778330811 seconds

