
instance syn15m02m
ran at: 2020-05-12T18:27:54.566
with solver: hypatia, system solver: qrchol_dense
number type : Float64


reading instance and constructing model...
took 1.382750395 seconds
building model...
took 10.133450689 seconds

solving model...

 iter        p_obj        d_obj   abs_gap   rel_gap    x_feas    y_feas    z_feas       tau       kap        mu     gamma     alpha
    0  -2.2209e+03  -4.9728e+02  5.65e+02  2.54e-01  1.12e+02  0.00e+00  7.29e-01  1.00e+00  1.00e+00  1.00e+00
    1  -3.6199e+03  -1.9023e+03  1.70e+02  4.70e-02  1.11e+02  0.00e+00  7.26e-01  3.03e-01  9.98e-01  3.01e-01  6.45e-02  7.47e-01
    2  -4.9267e+03  -3.2960e+03  7.60e+01  1.54e-02  1.05e+02  0.00e+00  6.88e-01  1.43e-01  9.57e-01  1.35e-01  1.65e-01  6.62e-01
    3  -5.5017e+03  -4.1008e+03  3.76e+01  6.84e-03  9.03e+01  0.00e+00  5.89e-01  8.25e-02  8.17e-01  6.66e-02  1.57e-01  5.99e-01
    4  -5.4606e+03  -4.2215e+03  2.58e+01  4.73e-03  7.98e+01  0.00e+00  5.20e-01  6.41e-02  6.81e-01  4.57e-02  1.78e-01  3.81e-01
    5  -5.4121e+03  -4.8978e+03  8.12e+00  1.50e-03  3.31e+01  0.00e+00  2.16e-01  4.86e-02  2.42e-01  1.44e-02  1.78e-01  8.34e-01
    6  -4.9420e+03  -4.7403e+03  3.33e+00  6.74e-04  1.30e+01  0.00e+00  8.47e-02  5.08e-02  8.85e-02  5.90e-03  1.36e-01  6.82e-01
    7  -4.8089e+03  -4.7150e+03  1.57e+00  3.27e-04  6.04e+00  0.00e+00  3.94e-02  5.15e-02  4.31e-02  2.78e-03  1.35e-01  6.11e-01
    8  -4.7460e+03  -4.7081e+03  6.41e-01  1.35e-04  2.44e+00  0.00e+00  1.59e-02  5.20e-02  1.84e-02  1.13e-03  1.15e-01  6.69e-01
    9  -4.7072e+03  -4.6965e+03  1.83e-01  3.89e-05  6.91e-01  0.00e+00  4.51e-03  5.24e-02  5.52e-03  3.24e-04  9.95e-02  7.94e-01
   10  -4.7008e+03  -4.6938e+03  1.18e-01  2.52e-05  4.45e-01  0.00e+00  2.90e-03  5.26e-02  3.61e-03  2.09e-04  1.77e-01  4.30e-01
   11  -4.6968e+03  -4.6926e+03  7.28e-02  1.55e-05  2.74e-01  0.00e+00  1.78e-03  5.27e-02  2.25e-03  1.29e-04  1.75e-01  4.66e-01
   12  -4.6918e+03  -4.6907e+03  1.95e-02  4.17e-06  7.32e-02  0.00e+00  4.77e-04  5.29e-02  6.30e-04  3.46e-05  1.58e-01  8.69e-01
   13  -4.6915e+03  -4.6906e+03  1.63e-02  3.48e-06  6.11e-02  0.00e+00  3.98e-04  5.29e-02  5.27e-04  2.89e-05  1.91e-01  2.04e-01
   14  -4.6905e+03  -4.6901e+03  6.97e-03  1.49e-06  2.61e-02  0.00e+00  1.70e-04  5.29e-02  2.27e-04  1.23e-05  1.69e-01  6.89e-01
   15  -4.6899e+03  -4.6898e+03  1.02e-03  2.18e-07  3.83e-03  0.00e+00  2.49e-05  5.30e-02  3.42e-05  1.81e-06  1.47e-01  1.00e+00
   16  -4.6898e+03  -4.6898e+03  3.01e-04  6.43e-08  1.13e-03  0.00e+00  7.34e-06  5.30e-02  1.01e-05  5.33e-07  3.63e-02  7.32e-01
   17  -4.6898e+03  -4.6898e+03  4.74e-05  1.01e-08  1.77e-04  0.00e+00  1.16e-06  5.30e-02  1.58e-06  8.39e-08  3.00e-02  8.69e-01
   18  -4.6898e+03  -4.6898e+03  2.13e-05  4.54e-09  7.95e-05  0.00e+00  5.19e-07  5.30e-02  7.11e-07  3.77e-08  1.07e-01  6.17e-01
   19  -4.6898e+03  -4.6898e+03  6.20e-06  1.32e-09  2.32e-05  0.00e+00  1.51e-07  5.30e-02  2.07e-07  1.10e-08  7.98e-02  7.70e-01
   20  -4.6898e+03  -4.6898e+03  1.58e-06  3.37e-10  6.04e-06  0.00e+00  3.86e-08  5.31e-02  5.27e-08  2.80e-09  4.57e-03  7.47e-01
   21  -4.6898e+03  -4.6898e+03  1.35e-06  2.88e-10  5.15e-06  0.00e+00  3.29e-08  5.31e-02  4.49e-08  2.39e-09  1.60e-01  1.76e-01
   22  -4.6898e+03  -4.6898e+03  6.90e-07  1.47e-10  2.60e-06  0.00e+00  1.68e-08  5.31e-02  2.30e-08  1.22e-09  5.08e-02  5.15e-01
   23  -4.6898e+03  -4.6898e+03  6.89e-07  1.47e-10  2.60e-06  0.00e+00  1.68e-08  5.31e-02  2.29e-08  1.22e-09  2.31e-01  1.78e-03

status is NumericalFailure after 23 iterations and 16.885 seconds

took 21.053226509 seconds
┌ Warning: very small alpha
└ @ Hypatia.Solvers ~/.julia/dev/Hypatia/src/Solvers/stepper.jl:211
┌ Warning: Hypatia status NumericalFailure not handled
└ @ Hypatia ~/.julia/dev/Hypatia/src/MathOptInterface/wrapper.jl:530


instance syn15m02m
ran at: 2020-05-12T21:36:38.303
with solver: hypatia, system solver: qrchol_dense
number type : BigFloat


reading instance and constructing model...
took 1.384154342 seconds
building model...
took 10.168439916 seconds

solving model...

 iter        p_obj        d_obj   abs_gap   rel_gap    x_feas    y_feas    z_feas       tau       kap        mu     gamma     alpha
    0  -2.2209e+03  -4.9728e+02  5.65e+02  2.54e-01  1.12e+02  0.00e+00  7.29e-01  1.00e+00  1.00e+00  1.00e+00
    1  -3.6199e+03  -1.9023e+03  1.70e+02  4.70e-02  1.11e+02  0.00e+00  7.26e-01  3.03e-01  9.98e-01  3.01e-01  6.45e-02  7.47e-01
    2  -4.9267e+03  -3.2960e+03  7.60e+01  1.54e-02  1.05e+02  0.00e+00  6.88e-01  1.43e-01  9.57e-01  1.35e-01  1.65e-01  6.62e-01
    3  -5.5017e+03  -4.1008e+03  3.76e+01  6.84e-03  9.03e+01  0.00e+00  5.89e-01  8.25e-02  8.17e-01  6.66e-02  1.57e-01  5.99e-01
    4  -5.4606e+03  -4.2215e+03  2.58e+01  4.73e-03  7.98e+01  0.00e+00  5.20e-01  6.41e-02  6.81e-01  4.57e-02  1.78e-01  3.81e-01
    5  -5.4121e+03  -4.8978e+03  8.12e+00  1.50e-03  3.31e+01  0.00e+00  2.16e-01  4.86e-02  2.42e-01  1.44e-02  1.78e-01  8.34e-01
    6  -4.9420e+03  -4.7403e+03  3.33e+00  6.74e-04  1.30e+01  0.00e+00  8.47e-02  5.08e-02  8.85e-02  5.90e-03  1.36e-01  6.82e-01
    7  -4.8089e+03  -4.7150e+03  1.57e+00  3.27e-04  6.04e+00  0.00e+00  3.94e-02  5.15e-02  4.31e-02  2.78e-03  1.35e-01  6.11e-01
    8  -4.7460e+03  -4.7081e+03  6.41e-01  1.35e-04  2.44e+00  0.00e+00  1.59e-02  5.20e-02  1.84e-02  1.13e-03  1.15e-01  6.69e-01
    9  -4.7072e+03  -4.6965e+03  1.83e-01  3.89e-05  6.91e-01  0.00e+00  4.51e-03  5.24e-02  5.52e-03  3.24e-04  9.95e-02  7.94e-01
   10  -4.7008e+03  -4.6938e+03  1.18e-01  2.52e-05  4.45e-01  0.00e+00  2.90e-03  5.26e-02  3.61e-03  2.09e-04  1.77e-01  4.30e-01
   11  -4.6968e+03  -4.6926e+03  7.28e-02  1.55e-05  2.74e-01  0.00e+00  1.78e-03  5.27e-02  2.25e-03  1.29e-04  1.75e-01  4.66e-01
   12  -4.6918e+03  -4.6907e+03  1.95e-02  4.17e-06  7.32e-02  0.00e+00  4.77e-04  5.29e-02  6.30e-04  3.46e-05  1.58e-01  8.69e-01
   13  -4.6915e+03  -4.6906e+03  1.63e-02  3.48e-06  6.11e-02  0.00e+00  3.98e-04  5.29e-02  5.27e-04  2.89e-05  1.91e-01  2.04e-01
   14  -4.6905e+03  -4.6901e+03  6.97e-03  1.49e-06  2.61e-02  0.00e+00  1.70e-04  5.29e-02  2.27e-04  1.23e-05  1.69e-01  6.89e-01
   15  -4.6899e+03  -4.6898e+03  1.02e-03  2.18e-07  3.83e-03  0.00e+00  2.49e-05  5.30e-02  3.42e-05  1.81e-06  1.47e-01  1.00e+00
   16  -4.6898e+03  -4.6898e+03  3.01e-04  6.43e-08  1.13e-03  0.00e+00  7.34e-06  5.30e-02  1.01e-05  5.33e-07  3.63e-02  7.32e-01
   17  -4.6898e+03  -4.6898e+03  4.74e-05  1.01e-08  1.77e-04  0.00e+00  1.16e-06  5.30e-02  1.58e-06  8.39e-08  3.00e-02  8.69e-01
   18  -4.6898e+03  -4.6898e+03  2.26e-05  4.81e-09  8.43e-05  0.00e+00  5.50e-07  5.30e-02  7.54e-07  3.99e-08  1.07e-01  5.87e-01
   19  -4.6898e+03  -4.6898e+03  6.37e-06  1.36e-09  2.38e-05  0.00e+00  1.55e-07  5.30e-02  2.13e-07  1.13e-08  8.62e-02  7.86e-01
   20  -4.6898e+03  -4.6898e+03  1.24e-06  2.64e-10  4.63e-06  0.00e+00  3.02e-08  5.30e-02  4.14e-08  2.19e-09  5.26e-03  8.10e-01
   21  -4.6898e+03  -4.6898e+03  5.43e-07  1.16e-10  2.03e-06  0.00e+00  1.32e-08  5.30e-02  1.81e-08  9.61e-10  1.35e-01  6.49e-01
   22  -4.6898e+03  -4.6898e+03  3.06e-07  6.52e-11  1.14e-06  0.00e+00  7.46e-09  5.30e-02  1.02e-08  5.41e-10  1.44e-01  5.10e-01
   23  -4.6898e+03  -4.6898e+03  5.39e-08  1.15e-11  2.01e-07  0.00e+00  1.31e-09  5.30e-02  1.80e-09  9.54e-11  7.05e-02  8.86e-01
   24  -4.6898e+03  -4.6898e+03  7.65e-09  1.63e-12  2.86e-08  0.00e+00  1.86e-10  5.30e-02  2.56e-10  1.35e-11  2.27e-03  8.60e-01
   25  -4.6898e+03  -4.6898e+03  2.99e-09  6.38e-13  1.12e-08  0.00e+00  7.30e-11  5.30e-02  1.00e-10  5.30e-12  1.35e-01  7.03e-01
optimal solution found; terminating

status is Optimal after 25 iterations and 152.586 seconds

took 158.143102815 seconds


instance syn15m02m
ran at: 2020-05-12T22:58:05.892
with solver: hypatia, system solver: qrchol_dense
number type : BigFloat


reading instance and constructing model...
took 1.382153221 seconds
building model...
took 10.154479709 seconds

solving model...

 iter        p_obj        d_obj   abs_gap   rel_gap    x_feas    y_feas    z_feas       tau       kap        mu     gamma     alpha
    0  -2.2209e+03  -4.9728e+02  5.65e+02  2.54e-01  1.12e+02  0.00e+00  7.29e-01  1.00e+00  1.00e+00  1.00e+00
    1  -3.6199e+03  -1.9023e+03  1.70e+02  4.70e-02  1.11e+02  0.00e+00  7.26e-01  3.03e-01  9.98e-01  3.01e-01  6.45e-02  7.47e-01
    2  -4.9267e+03  -3.2960e+03  7.60e+01  1.54e-02  1.05e+02  0.00e+00  6.88e-01  1.43e-01  9.57e-01  1.35e-01  1.65e-01  6.62e-01
    3  -5.5017e+03  -4.1008e+03  3.76e+01  6.84e-03  9.03e+01  0.00e+00  5.89e-01  8.25e-02  8.17e-01  6.66e-02  1.57e-01  5.99e-01
    4  -5.4606e+03  -4.2215e+03  2.58e+01  4.73e-03  7.98e+01  0.00e+00  5.20e-01  6.41e-02  6.81e-01  4.57e-02  1.78e-01  3.81e-01
    5  -5.4121e+03  -4.8978e+03  8.12e+00  1.50e-03  3.31e+01  0.00e+00  2.16e-01  4.86e-02  2.42e-01  1.44e-02  1.78e-01  8.34e-01
    6  -4.9420e+03  -4.7403e+03  3.33e+00  6.74e-04  1.30e+01  0.00e+00  8.47e-02  5.08e-02  8.85e-02  5.90e-03  1.36e-01  6.82e-01
    7  -4.8089e+03  -4.7150e+03  1.57e+00  3.27e-04  6.04e+00  0.00e+00  3.94e-02  5.15e-02  4.31e-02  2.78e-03  1.35e-01  6.11e-01
    8  -4.7460e+03  -4.7081e+03  6.41e-01  1.35e-04  2.44e+00  0.00e+00  1.59e-02  5.20e-02  1.84e-02  1.13e-03  1.15e-01  6.69e-01
    9  -4.7072e+03  -4.6965e+03  1.83e-01  3.89e-05  6.91e-01  0.00e+00  4.51e-03  5.24e-02  5.52e-03  3.24e-04  9.95e-02  7.94e-01
   10  -4.7008e+03  -4.6938e+03  1.18e-01  2.52e-05  4.45e-01  0.00e+00  2.90e-03  5.26e-02  3.61e-03  2.09e-04  1.77e-01  4.30e-01
   11  -4.6968e+03  -4.6926e+03  7.28e-02  1.55e-05  2.74e-01  0.00e+00  1.78e-03  5.27e-02  2.25e-03  1.29e-04  1.75e-01  4.66e-01
   12  -4.6918e+03  -4.6907e+03  1.95e-02  4.17e-06  7.32e-02  0.00e+00  4.77e-04  5.29e-02  6.30e-04  3.46e-05  1.58e-01  8.69e-01
   13  -4.6915e+03  -4.6906e+03  1.63e-02  3.48e-06  6.11e-02  0.00e+00  3.98e-04  5.29e-02  5.27e-04  2.89e-05  1.91e-01  2.04e-01
   14  -4.6905e+03  -4.6901e+03  6.97e-03  1.49e-06  2.61e-02  0.00e+00  1.70e-04  5.29e-02  2.27e-04  1.23e-05  1.69e-01  6.89e-01
   15  -4.6899e+03  -4.6898e+03  1.02e-03  2.18e-07  3.83e-03  0.00e+00  2.49e-05  5.30e-02  3.42e-05  1.81e-06  1.47e-01  1.00e+00
   16  -4.6898e+03  -4.6898e+03  3.01e-04  6.43e-08  1.13e-03  0.00e+00  7.34e-06  5.30e-02  1.01e-05  5.33e-07  3.63e-02  7.32e-01
   17  -4.6898e+03  -4.6898e+03  4.74e-05  1.01e-08  1.77e-04  0.00e+00  1.16e-06  5.30e-02  1.58e-06  8.39e-08  3.00e-02  8.69e-01
   18  -4.6898e+03  -4.6898e+03  2.26e-05  4.81e-09  8.43e-05  0.00e+00  5.50e-07  5.30e-02  7.54e-07  3.99e-08  1.07e-01  5.87e-01
   19  -4.6898e+03  -4.6898e+03  6.37e-06  1.36e-09  2.38e-05  0.00e+00  1.55e-07  5.30e-02  2.13e-07  1.13e-08  8.62e-02  7.86e-01
   20  -4.6898e+03  -4.6898e+03  1.24e-06  2.64e-10  4.63e-06  0.00e+00  3.02e-08  5.30e-02  4.14e-08  2.19e-09  5.26e-03  8.10e-01
   21  -4.6898e+03  -4.6898e+03  5.43e-07  1.16e-10  2.03e-06  0.00e+00  1.32e-08  5.30e-02  1.81e-08  9.61e-10  1.35e-01  6.49e-01
   22  -4.6898e+03  -4.6898e+03  3.06e-07  6.52e-11  1.14e-06  0.00e+00  7.46e-09  5.30e-02  1.02e-08  5.41e-10  1.44e-01  5.10e-01
   23  -4.6898e+03  -4.6898e+03  5.39e-08  1.15e-11  2.01e-07  0.00e+00  1.31e-09  5.30e-02  1.80e-09  9.54e-11  7.05e-02  8.86e-01
   24  -4.6898e+03  -4.6898e+03  7.65e-09  1.63e-12  2.86e-08  0.00e+00  1.86e-10  5.30e-02  2.56e-10  1.35e-11  2.27e-03  8.60e-01
   25  -4.6898e+03  -4.6898e+03  2.99e-09  6.38e-13  1.12e-08  0.00e+00  7.30e-11  5.30e-02  1.00e-10  5.30e-12  1.35e-01  7.03e-01
optimal solution found; terminating

status is Optimal after 25 iterations and 148.905 seconds

took 154.458444871 seconds


instance syn15m02m
ran at: 2020-05-13T00:34:15.101
with solver: hypatia, system solver: qrchol_dense
number type : BigFloat


reading instance and constructing model...
took 1.387663937 seconds
building model...
took 10.166482134 seconds

solving model...

 iter        p_obj        d_obj   abs_gap   rel_gap    x_feas    y_feas    z_feas       tau       kap        mu     gamma     alpha
    0  -2.2209e+03  -4.9728e+02  5.65e+02  2.54e-01  1.12e+02  0.00e+00  7.29e-01  1.00e+00  1.00e+00  1.00e+00
    1  -3.6199e+03  -1.9023e+03  1.70e+02  4.70e-02  1.11e+02  0.00e+00  7.26e-01  3.03e-01  9.98e-01  3.01e-01  6.45e-02  7.47e-01
    2  -4.9267e+03  -3.2960e+03  7.60e+01  1.54e-02  1.05e+02  0.00e+00  6.88e-01  1.43e-01  9.57e-01  1.35e-01  1.65e-01  6.62e-01
    3  -5.5017e+03  -4.1008e+03  3.76e+01  6.84e-03  9.03e+01  0.00e+00  5.89e-01  8.25e-02  8.17e-01  6.66e-02  1.57e-01  5.99e-01
    4  -5.4606e+03  -4.2215e+03  2.58e+01  4.73e-03  7.98e+01  0.00e+00  5.20e-01  6.41e-02  6.81e-01  4.57e-02  1.78e-01  3.81e-01
    5  -5.4121e+03  -4.8978e+03  8.12e+00  1.50e-03  3.31e+01  0.00e+00  2.16e-01  4.86e-02  2.42e-01  1.44e-02  1.78e-01  8.34e-01
    6  -4.9420e+03  -4.7403e+03  3.33e+00  6.74e-04  1.30e+01  0.00e+00  8.47e-02  5.08e-02  8.85e-02  5.90e-03  1.36e-01  6.82e-01
    7  -4.8089e+03  -4.7150e+03  1.57e+00  3.27e-04  6.04e+00  0.00e+00  3.94e-02  5.15e-02  4.31e-02  2.78e-03  1.35e-01  6.11e-01
    8  -4.7460e+03  -4.7081e+03  6.41e-01  1.35e-04  2.44e+00  0.00e+00  1.59e-02  5.20e-02  1.84e-02  1.13e-03  1.15e-01  6.69e-01
    9  -4.7072e+03  -4.6965e+03  1.83e-01  3.89e-05  6.91e-01  0.00e+00  4.51e-03  5.24e-02  5.52e-03  3.24e-04  9.95e-02  7.94e-01
   10  -4.7008e+03  -4.6938e+03  1.18e-01  2.52e-05  4.45e-01  0.00e+00  2.90e-03  5.26e-02  3.61e-03  2.09e-04  1.77e-01  4.30e-01
   11  -4.6968e+03  -4.6926e+03  7.28e-02  1.55e-05  2.74e-01  0.00e+00  1.78e-03  5.27e-02  2.25e-03  1.29e-04  1.75e-01  4.66e-01
   12  -4.6918e+03  -4.6907e+03  1.95e-02  4.17e-06  7.32e-02  0.00e+00  4.77e-04  5.29e-02  6.30e-04  3.46e-05  1.58e-01  8.69e-01
   13  -4.6915e+03  -4.6906e+03  1.63e-02  3.48e-06  6.11e-02  0.00e+00  3.98e-04  5.29e-02  5.27e-04  2.89e-05  1.91e-01  2.04e-01
   14  -4.6905e+03  -4.6901e+03  6.97e-03  1.49e-06  2.61e-02  0.00e+00  1.70e-04  5.29e-02  2.27e-04  1.23e-05  1.69e-01  6.89e-01
   15  -4.6899e+03  -4.6898e+03  1.02e-03  2.18e-07  3.83e-03  0.00e+00  2.49e-05  5.30e-02  3.42e-05  1.81e-06  1.47e-01  1.00e+00
   16  -4.6898e+03  -4.6898e+03  3.01e-04  6.43e-08  1.13e-03  0.00e+00  7.34e-06  5.30e-02  1.01e-05  5.33e-07  3.63e-02  7.32e-01
   17  -4.6898e+03  -4.6898e+03  4.74e-05  1.01e-08  1.77e-04  0.00e+00  1.16e-06  5.30e-02  1.58e-06  8.39e-08  3.00e-02  8.69e-01
   18  -4.6898e+03  -4.6898e+03  2.28e-05  4.86e-09  8.52e-05  0.00e+00  5.56e-07  5.30e-02  7.62e-07  4.04e-08  1.07e-01  5.81e-01
   19  -4.6898e+03  -4.6898e+03  6.82e-06  1.45e-09  2.55e-05  0.00e+00  1.66e-07  5.30e-02  2.28e-07  1.21e-08  8.95e-02  7.70e-01
   20  -4.6898e+03  -4.6898e+03  6.08e-07  1.30e-10  2.27e-06  0.00e+00  1.48e-08  5.30e-02  2.03e-08  1.08e-09  2.75e-03  9.13e-01
   21  -4.6898e+03  -4.6898e+03  1.81e-07  3.86e-11  6.76e-07  0.00e+00  4.41e-09  5.30e-02  6.05e-09  3.20e-10  5.08e-02  7.40e-01
   22  -4.6898e+03  -4.6898e+03  9.82e-08  2.09e-11  3.67e-07  0.00e+00  2.39e-09  5.30e-02  3.28e-09  1.74e-10  2.80e-02  4.71e-01
   23  -4.6898e+03  -4.6898e+03  8.15e-08  1.74e-11  3.05e-07  0.00e+00  1.99e-09  5.30e-02  2.72e-09  1.44e-10  3.20e-02  1.76e-01
   24  -4.6898e+03  -4.6898e+03  7.18e-08  1.53e-11  2.68e-07  0.00e+00  1.75e-09  5.30e-02  2.40e-09  1.27e-10  1.92e-02  1.21e-01
   25  -4.6898e+03  -4.6898e+03  6.44e-08  1.37e-11  2.41e-07  0.00e+00  1.57e-09  5.30e-02  2.15e-09  1.14e-10  1.22e-02  1.04e-01
   26  -4.6898e+03  -4.6898e+03  5.82e-08  1.24e-11  2.18e-07  0.00e+00  1.42e-09  5.30e-02  1.95e-09  1.03e-10  8.80e-03  9.71e-02
   27  -4.6898e+03  -4.6898e+03  5.31e-08  1.13e-11  1.98e-07  0.00e+00  1.29e-09  5.30e-02  1.77e-09  9.40e-11  6.05e-03  8.87e-02
   28  -4.6898e+03  -4.6898e+03  4.87e-08  1.04e-11  1.82e-07  0.00e+00  1.19e-09  5.30e-02  1.63e-09  8.62e-11  4.54e-03  8.27e-02
   29  -4.6898e+03  -4.6898e+03  4.49e-08  9.57e-12  1.68e-07  0.00e+00  1.09e-09  5.30e-02  1.50e-09  7.95e-11  3.28e-03  7.86e-02
   30  -4.6898e+03  -4.6898e+03  4.14e-08  8.83e-12  1.55e-07  0.00e+00  1.01e-09  5.30e-02  1.38e-09  7.33e-11  3.28e-03  7.79e-02
   31  -4.6898e+03  -4.6898e+03  3.83e-08  8.17e-12  1.43e-07  0.00e+00  9.34e-10  5.30e-02  1.28e-09  6.78e-11  2.75e-03  7.48e-02
   32  -4.6898e+03  -4.6898e+03  3.55e-08  7.57e-12  1.33e-07  0.00e+00  8.65e-10  5.30e-02  1.19e-09  6.28e-11  2.75e-03  7.40e-02
   33  -4.6898e+03  -4.6898e+03  3.30e-08  7.04e-12  1.23e-07  0.00e+00  8.04e-10  5.30e-02  1.10e-09  5.84e-11  2.27e-03  7.04e-02
   34  -4.6898e+03  -4.6898e+03  3.07e-08  6.54e-12  1.15e-07  0.00e+00  7.48e-10  5.30e-02  1.03e-09  5.43e-11  2.27e-03  7.04e-02
   35  -4.6898e+03  -4.6898e+03  2.86e-08  6.10e-12  1.07e-07  0.00e+00  6.97e-10  5.30e-02  9.56e-10  5.06e-11  1.84e-03  6.76e-02
   36  -4.6898e+03  -4.6898e+03  2.68e-08  5.71e-12  1.00e-07  0.00e+00  6.52e-10  5.30e-02  8.94e-10  4.74e-11  1.47e-03  6.50e-02
   37  -4.6898e+03  -4.6898e+03  2.50e-08  5.34e-12  9.35e-08  0.00e+00  6.10e-10  5.30e-02  8.36e-10  4.43e-11  1.47e-03  6.50e-02
   38  -4.6898e+03  -4.6898e+03  2.35e-08  5.00e-12  8.77e-08  0.00e+00  5.72e-10  5.30e-02  7.84e-10  4.15e-11  1.15e-03  6.24e-02
   39  -4.6898e+03  -4.6898e+03  2.21e-08  4.70e-12  8.24e-08  0.00e+00  5.38e-10  5.30e-02  7.37e-10  3.90e-11  8.77e-04  6.00e-02
   40  -4.6898e+03  -4.6898e+03  2.07e-08  4.41e-12  7.73e-08  0.00e+00  5.04e-10  5.30e-02  6.91e-10  3.66e-11  8.77e-04  6.24e-02
   41  -4.6898e+03  -4.6898e+03  1.94e-08  4.14e-12  7.26e-08  0.00e+00  4.73e-10  5.30e-02  6.49e-10  3.44e-11  6.49e-04  6.06e-02
   42  -4.6898e+03  -4.6898e+03  1.83e-08  3.89e-12  6.83e-08  0.00e+00  4.45e-10  5.30e-02  6.10e-10  3.23e-11  4.63e-04  6.00e-02
   43  -4.6898e+03  -4.6898e+03  1.71e-08  3.64e-12  6.39e-08  0.00e+00  4.16e-10  5.30e-02  5.71e-10  3.02e-11  4.63e-04  6.43e-02
   44  -4.6898e+03  -4.6898e+03  1.60e-08  3.41e-12  5.97e-08  0.00e+00  3.89e-10  5.30e-02  5.34e-10  2.83e-11  3.15e-04  6.50e-02
   45  -4.6898e+03  -4.6898e+03  1.49e-08  3.17e-12  5.56e-08  0.00e+00  3.63e-10  5.30e-02  4.97e-10  2.63e-11  2.01e-04  6.90e-02
   46  -4.6898e+03  -4.6898e+03  1.37e-08  2.93e-12  5.13e-08  0.00e+00  3.34e-10  5.30e-02  4.58e-10  2.43e-11  2.01e-04  7.79e-02
   47  -4.6898e+03  -4.6898e+03  1.25e-08  2.67e-12  4.68e-08  0.00e+00  3.05e-10  5.30e-02  4.18e-10  2.21e-11  1.18e-04  8.78e-02
   48  -4.6898e+03  -4.6898e+03  1.12e-08  2.38e-12  4.17e-08  0.00e+00  2.72e-10  5.30e-02  3.73e-10  1.97e-11  1.18e-04  1.08e-01
   49  -4.6898e+03  -4.6898e+03  9.57e-09  2.04e-12  3.58e-08  0.00e+00  2.33e-10  5.30e-02  3.20e-10  1.69e-11  6.16e-05  1.42e-01
   50  -4.6898e+03  -4.6898e+03  7.41e-09  1.58e-12  2.77e-08  0.00e+00  1.81e-10  5.30e-02  2.48e-10  1.31e-11  6.16e-05  2.26e-01
   51  -4.6898e+03  -4.6898e+03  3.44e-09  7.33e-13  1.28e-08  0.00e+00  8.37e-11  5.30e-02  1.15e-10  6.08e-12  6.16e-05  5.36e-01
optimal solution found; terminating

status is Optimal after 51 iterations and 389.608 seconds

took 395.160435678 seconds


instance syn15m02m
ran at: 2020-05-14T10:50:33.944
with solver: hypatia, system solver: qrchol_dense


reading instance and constructing model...
took 1.349959085 seconds
building model...
took 10.128281245 seconds

solving model...

 iter        p_obj        d_obj   abs_gap   rel_gap    x_feas    y_feas    z_feas       tau       kap        mu     gamma     alpha
    0  -2.2209e+03  -4.9728e+02  5.65e+02  2.54e-01  1.12e+02  0.00e+00  7.29e-01  1.00e+00  1.00e+00  1.00e+00
    1  -3.5747e+03  -1.8569e+03  1.74e+02  4.87e-02  1.11e+02  0.00e+00  7.26e-01  3.10e-01  9.98e-01  3.08e-01  6.45e-02  7.40e-01
    2  -4.8451e+03  -3.2079e+03  7.95e+01  1.64e-02  1.06e+02  0.00e+00  6.91e-01  1.49e-01  9.60e-01  1.41e-01  1.63e-01  6.49e-01
    3  -5.4227e+03  -4.0025e+03  3.96e+01  7.31e-03  9.16e+01  0.00e+00  5.97e-01  8.56e-02  8.28e-01  7.01e-02  1.54e-01  5.93e-01
    4  -5.3958e+03  -4.1335e+03  2.72e+01  5.04e-03  8.13e+01  0.00e+00  5.30e-01  6.62e-02  6.96e-01  4.81e-02  1.77e-01  3.81e-01
    5  -5.4822e+03  -4.8425e+03  1.05e+01  1.91e-03  4.11e+01  0.00e+00  2.68e-01  5.04e-02  3.10e-01  1.85e-02  1.77e-01  7.47e-01
    6  -5.0061e+03  -4.7394e+03  4.43e+00  8.84e-04  1.72e+01  0.00e+00  1.12e-01  5.10e-02  1.11e-01  7.83e-03  1.28e-01  6.62e-01
    7  -4.7921e+03  -4.7091e+03  1.39e+00  2.91e-04  5.35e+00  0.00e+00  3.49e-02  5.16e-02  3.55e-02  2.47e-03  8.30e-02  7.47e-01
    8  -4.7499e+03  -4.7032e+03  7.91e-01  1.67e-04  3.01e+00  0.00e+00  1.96e-02  5.21e-02  2.09e-02  1.40e-03  1.44e-01  5.05e-01
    9  -4.7201e+03  -4.6980e+03  3.76e-01  7.97e-05  1.42e+00  0.00e+00  9.27e-03  5.24e-02  1.04e-02  6.65e-04  1.32e-01  6.05e-01
   10  -4.7031e+03  -4.6948e+03  1.41e-01  2.99e-05  5.30e-01  0.00e+00  3.46e-03  5.25e-02  4.16e-03  2.49e-04  1.45e-01  7.32e-01
   11  -4.6965e+03  -4.6922e+03  7.31e-02  1.56e-05  2.74e-01  0.00e+00  1.79e-03  5.28e-02  2.22e-03  1.29e-04  1.81e-01  5.87e-01
   12  -4.6926e+03  -4.6910e+03  2.90e-02  6.17e-06  1.08e-01  0.00e+00  7.07e-04  5.28e-02  9.02e-04  5.12e-05  1.42e-01  7.03e-01
   13  -4.6910e+03  -4.6903e+03  1.24e-02  2.65e-06  4.64e-02  0.00e+00  3.03e-04  5.29e-02  3.89e-04  2.20e-05  6.54e-02  6.11e-01
   14  -4.6905e+03  -4.6901e+03  6.37e-03  1.36e-06  2.38e-02  0.00e+00  1.55e-04  5.29e-02  2.03e-04  1.13e-05  1.79e-01  5.93e-01
   15  -4.6898e+03  -4.6898e+03  4.75e-04  1.01e-07  1.77e-03  0.00e+00  1.16e-05  5.30e-02  1.55e-05  8.40e-07  3.65e-02  9.60e-01
   16  -4.6898e+03  -4.6898e+03  2.44e-04  5.21e-08  9.13e-04  0.00e+00  5.96e-06  5.30e-02  7.98e-06  4.33e-07  7.66e-02  5.26e-01
   17  -4.6898e+03  -4.6898e+03  2.48e-06  5.29e-10  9.28e-06  0.00e+00  6.05e-08  5.30e-02  8.11e-08  4.39e-09  6.17e-05  9.90e-01
   18  -4.6898e+03  -4.6898e+03  1.67e-06  3.57e-10  6.23e-06  0.00e+00  4.07e-08  5.30e-02  5.45e-08  2.96e-09  5.34e-02  3.45e-01
   19  -4.6898e+03  -4.6898e+03  8.73e-07  1.86e-10  7.69e-06  0.00e+00  2.06e-08  5.30e-02  2.76e-08  1.55e-09  1.10e-02  5.00e-01
   20  -4.6898e+03  -4.6898e+03  6.23e-07  1.33e-10  5.31e-06  0.00e+00  1.47e-08  5.30e-02  1.97e-08  1.10e-09  1.39e-01  3.34e-01
   21  -4.6898e+03  -4.6898e+03  6.21e-07  1.32e-10  5.30e-06  0.00e+00  1.46e-08  5.30e-02  1.97e-08  1.10e-09  1.91e-01  3.63e-03

status is NumericalFailure after 21 iterations and 23.069 seconds

took 27.02584133 seconds
┌ Warning: switching Hessian cache from Cholesky to Bunch Kaufman
└ @ Hypatia.Cones ~/.julia/dev/Hypatia/src/Cones/Cones.jl:94
┌ Warning: switching Hessian cache from Cholesky to Bunch Kaufman
└ @ Hypatia.Cones ~/.julia/dev/Hypatia/src/Cones/Cones.jl:94
┌ Warning: switching Hessian cache from Cholesky to Bunch Kaufman
└ @ Hypatia.Cones ~/.julia/dev/Hypatia/src/Cones/Cones.jl:94
┌ Warning: switching Hessian cache from Cholesky to Bunch Kaufman
└ @ Hypatia.Cones ~/.julia/dev/Hypatia/src/Cones/Cones.jl:94
┌ Warning: switching Hessian cache from Cholesky to Bunch Kaufman
└ @ Hypatia.Cones ~/.julia/dev/Hypatia/src/Cones/Cones.jl:94
┌ Warning: switching Hessian cache from Cholesky to Bunch Kaufman
└ @ Hypatia.Cones ~/.julia/dev/Hypatia/src/Cones/Cones.jl:94
┌ Warning: switching Hessian cache from Cholesky to Bunch Kaufman
└ @ Hypatia.Cones ~/.julia/dev/Hypatia/src/Cones/Cones.jl:94
┌ Warning: very small alpha
└ @ Hypatia.Solvers ~/.julia/dev/Hypatia/src/Solvers/stepper.jl:211
┌ Warning: Hypatia status NumericalFailure not handled
└ @ Hypatia ~/.julia/dev/Hypatia/src/MathOptInterface/wrapper.jl:530


instance syn15m02m
ran at: 2020-05-14T11:48:56.437
with solver: hypatia, system solver: qrchol_dense


reading instance and constructing model...
took 1.350846033 seconds
building model...
took 10.214490067 seconds

solving model...

 iter        p_obj        d_obj   abs_gap   rel_gap    x_feas    y_feas    z_feas       tau       kap        mu     gamma     alpha
    0  -2.2209e+03  -4.9728e+02  5.65e+02  2.54e-01  1.12e+02  0.00e+00  7.29e-01  1.00e+00  1.00e+00  1.00e+00
    1  -3.5747e+03  -1.8569e+03  1.74e+02  4.87e-02  1.11e+02  0.00e+00  7.26e-01  3.10e-01  9.98e-01  3.08e-01  6.45e-02  7.40e-01
    2  -4.8451e+03  -3.2079e+03  7.95e+01  1.64e-02  1.06e+02  0.00e+00  6.91e-01  1.49e-01  9.60e-01  1.41e-01  1.63e-01  6.49e-01
    3  -5.4227e+03  -4.0025e+03  3.96e+01  7.31e-03  9.16e+01  0.00e+00  5.97e-01  8.56e-02  8.28e-01  7.01e-02  1.54e-01  5.93e-01
    4  -5.3958e+03  -4.1335e+03  2.72e+01  5.04e-03  8.13e+01  0.00e+00  5.30e-01  6.62e-02  6.96e-01  4.81e-02  1.77e-01  3.81e-01
    5  -5.4822e+03  -4.8425e+03  1.05e+01  1.91e-03  4.11e+01  0.00e+00  2.68e-01  5.04e-02  3.10e-01  1.85e-02  1.77e-01  7.47e-01
    6  -5.0061e+03  -4.7394e+03  4.43e+00  8.84e-04  1.72e+01  0.00e+00  1.12e-01  5.10e-02  1.11e-01  7.83e-03  1.28e-01  6.62e-01
    7  -4.7921e+03  -4.7091e+03  1.39e+00  2.91e-04  5.35e+00  0.00e+00  3.49e-02  5.16e-02  3.55e-02  2.47e-03  8.30e-02  7.47e-01
    8  -4.7499e+03  -4.7032e+03  7.91e-01  1.67e-04  3.01e+00  0.00e+00  1.96e-02  5.21e-02  2.09e-02  1.40e-03  1.44e-01  5.05e-01
    9  -4.7201e+03  -4.6980e+03  3.76e-01  7.97e-05  1.42e+00  0.00e+00  9.27e-03  5.24e-02  1.04e-02  6.65e-04  1.32e-01  6.05e-01
   10  -4.7031e+03  -4.6948e+03  1.41e-01  2.99e-05  5.30e-01  0.00e+00  3.46e-03  5.25e-02  4.16e-03  2.49e-04  1.45e-01  7.32e-01
   11  -4.6965e+03  -4.6922e+03  7.31e-02  1.56e-05  2.74e-01  0.00e+00  1.79e-03  5.28e-02  2.22e-03  1.29e-04  1.81e-01  5.87e-01
   12  -4.6926e+03  -4.6910e+03  2.90e-02  6.17e-06  1.08e-01  0.00e+00  7.07e-04  5.28e-02  9.02e-04  5.12e-05  1.42e-01  7.03e-01
   13  -4.6910e+03  -4.6903e+03  1.24e-02  2.65e-06  4.64e-02  0.00e+00  3.03e-04  5.29e-02  3.89e-04  2.20e-05  6.54e-02  6.11e-01
   14  -4.6905e+03  -4.6901e+03  6.37e-03  1.36e-06  2.38e-02  0.00e+00  1.55e-04  5.29e-02  2.03e-04  1.13e-05  1.79e-01  5.93e-01
   15  -4.6898e+03  -4.6898e+03  4.75e-04  1.01e-07  1.77e-03  0.00e+00  1.16e-05  5.30e-02  1.55e-05  8.40e-07  3.65e-02  9.60e-01
   16  -4.6898e+03  -4.6898e+03  2.44e-04  5.21e-08  9.13e-04  0.00e+00  5.96e-06  5.30e-02  7.98e-06  4.33e-07  7.66e-02  5.26e-01
   17  -4.6898e+03  -4.6898e+03  7.30e-06  1.56e-09  2.73e-05  0.00e+00  1.78e-07  5.30e-02  2.38e-07  1.29e-08  6.16e-05  9.70e-01
   18  -4.6898e+03  -4.6898e+03  3.30e-06  7.04e-10  1.27e-05  0.00e+00  8.07e-08  5.30e-02  1.08e-07  5.84e-09  1.10e-02  5.53e-01
   19  -4.6898e+03  -4.6898e+03  2.95e-06  6.29e-10  1.14e-05  0.00e+00  7.24e-08  5.30e-02  9.75e-08  5.22e-09  2.24e-01  1.30e-01
   20  -4.6898e+03  -4.6898e+03  1.54e-06  3.29e-10  5.96e-06  0.00e+00  3.78e-08  5.30e-02  5.09e-08  2.73e-09  1.26e-01  5.47e-01
   21  -4.6898e+03  -4.6898e+03  1.21e-06  2.59e-10  4.71e-06  0.00e+00  2.98e-08  5.30e-02  4.02e-08  2.15e-09  2.36e-01  2.76e-01

status is NumericalFailure after 21 iterations and 9.961 seconds

took 14.042191837 seconds
┌ Warning: switching Hessian cache from Cholesky to Bunch Kaufman
└ @ Hypatia.Cones ~/.julia/dev/Hypatia/src/Cones/Cones.jl:94
┌ Warning: switching Hessian cache from Cholesky to Bunch Kaufman
└ @ Hypatia.Cones ~/.julia/dev/Hypatia/src/Cones/Cones.jl:94
┌ Warning: switching Hessian cache from Cholesky to Bunch Kaufman
└ @ Hypatia.Cones ~/.julia/dev/Hypatia/src/Cones/Cones.jl:94
┌ Warning: switching Hessian cache from Cholesky to Bunch Kaufman
└ @ Hypatia.Cones ~/.julia/dev/Hypatia/src/Cones/Cones.jl:94
┌ Warning: switching Hessian cache from Cholesky to Bunch Kaufman
└ @ Hypatia.Cones ~/.julia/dev/Hypatia/src/Cones/Cones.jl:94
┌ Warning: switching Hessian cache from Cholesky to Bunch Kaufman
└ @ Hypatia.Cones ~/.julia/dev/Hypatia/src/Cones/Cones.jl:94
┌ Warning: very small alpha
└ @ Hypatia.Solvers ~/.julia/dev/Hypatia/src/Solvers/stepper.jl:211
┌ Warning: Hypatia status NumericalFailure not handled
└ @ Hypatia ~/.julia/dev/Hypatia/src/MathOptInterface/wrapper.jl:530

