
instance syn20m
ran at: 2020-05-11T16:47:03.301
with solver: hypatia, system solver: qrchol_dense
number type : BigFloat

┌ Warning: Package Hypatia does not have ForwardDiff in its dependencies:
│ - If you have Hypatia checked out for development and have
│   added ForwardDiff as a dependency but haven't updated your primary
│   environment's manifest file, try `Pkg.resolve()`.
│ - Otherwise you may need to report an issue with Hypatia
└ Loading ForwardDiff into Hypatia from project dependency, future warnings for Hypatia are suppressed.

reading instance and constructing model...
took 1.239599583 seconds
building model...
took 9.460521428 seconds

solving model...

 iter        p_obj        d_obj   abs_gap   rel_gap    x_feas    y_feas    z_feas       tau       kap        mu     gamma     alpha
    0  -1.1855e+02  -1.2297e+02  2.33e+02  1.97e+00  2.01e+01  0.00e+00  6.84e-01  1.00e+00  1.00e+00  1.00e+00
    1  -7.9149e+02  -7.9152e+02  4.31e+01  5.44e-02  1.99e+01  0.00e+00  6.78e-01  1.87e-01  9.97e-01  1.85e-01  6.17e-02  8.69e-01
    2  -3.0605e+03  -3.0461e+03  1.07e+01  3.50e-03  1.85e+01  0.00e+00  6.31e-01  4.98e-02  9.65e-01  4.59e-02  4.32e-02  7.86e-01
    3  -3.3491e+03  -3.3343e+03  5.18e+00  1.55e-03  1.27e+01  0.00e+00  4.32e-01  3.52e-02  6.41e-01  2.22e-02  1.72e-01  6.23e-01
    4  -3.2128e+03  -3.2070e+03  2.07e+00  6.44e-04  5.76e+00  0.00e+00  1.96e-01  3.09e-02  2.29e-01  8.87e-03  1.29e-01  6.89e-01
    5  -3.1135e+03  -3.1113e+03  7.58e-01  2.43e-04  2.19e+00  0.00e+00  7.47e-02  2.97e-02  8.16e-02  3.25e-03  8.95e-02  6.96e-01
    6  -3.0292e+03  -3.0284e+03  2.42e-01  7.99e-05  7.12e-01  0.00e+00  2.43e-02  2.92e-02  2.93e-02  1.04e-03  1.59e-01  8.10e-01
    7  -2.9943e+03  -2.9939e+03  9.43e-02  3.15e-05  2.81e-01  0.00e+00  9.59e-03  2.89e-02  1.22e-02  4.04e-04  1.50e-01  7.18e-01
    8  -2.9775e+03  -2.9774e+03  2.36e-02  7.93e-06  7.03e-02  0.00e+00  2.40e-03  2.89e-02  3.21e-03  1.01e-04  1.11e-01  8.43e-01
    9  -2.9720e+03  -2.9720e+03  4.29e-03  1.44e-06  1.28e-02  0.00e+00  4.35e-04  2.90e-02  5.93e-04  1.84e-05  3.89e-02  8.51e-01
   10  -2.9708e+03  -2.9708e+03  2.70e-04  9.09e-08  8.02e-04  0.00e+00  2.74e-05  2.90e-02  3.74e-05  1.16e-06  4.56e-03  9.41e-01
   11  -2.9707e+03  -2.9707e+03  1.01e-04  3.40e-08  3.00e-04  0.00e+00  1.02e-05  2.90e-02  1.41e-05  4.34e-07  4.57e-02  6.56e-01
   12  -2.9707e+03  -2.9707e+03  1.42e-05  4.78e-09  4.22e-05  0.00e+00  1.44e-06  2.90e-02  1.98e-06  6.10e-08  6.49e-04  8.60e-01
   13  -2.9707e+03  -2.9707e+03  2.15e-06  7.25e-10  6.39e-06  0.00e+00  2.18e-07  2.90e-02  3.06e-07  9.24e-09  6.17e-02  9.04e-01
   14  -2.9707e+03  -2.9707e+03  3.94e-07  1.33e-10  1.17e-06  0.00e+00  3.99e-08  2.90e-02  5.63e-08  1.69e-09  2.08e-02  8.34e-01
   15  -2.9707e+03  -2.9707e+03  9.57e-08  3.22e-11  2.84e-07  0.00e+00  9.69e-09  2.90e-02  1.37e-08  4.11e-10  6.90e-03  7.62e-01
   16  -2.9707e+03  -2.9707e+03  4.66e-08  1.57e-11  1.38e-07  0.00e+00  4.72e-09  2.90e-02  6.66e-09  2.00e-10  1.34e-02  5.20e-01
   17  -2.9707e+03  -2.9707e+03  3.18e-08  1.07e-11  9.44e-08  0.00e+00  3.22e-09  2.90e-02  4.55e-09  1.36e-10  1.84e-03  3.18e-01
   18  -2.9707e+03  -2.9707e+03  2.33e-08  7.83e-12  6.91e-08  0.00e+00  2.36e-09  2.90e-02  3.33e-09  9.99e-11  6.49e-04  2.68e-01
   19  -2.9707e+03  -2.9707e+03  1.77e-08  5.96e-12  5.26e-08  0.00e+00  1.79e-09  2.90e-02  2.53e-09  7.59e-11  2.01e-04  2.40e-01
   20  -2.9707e+03  -2.9707e+03  1.37e-08  4.61e-12  4.07e-08  0.00e+00  1.39e-09  2.90e-02  1.96e-09  5.88e-11  1.18e-04  2.26e-01
   21  -2.9707e+03  -2.9707e+03  1.08e-08  3.63e-12  3.20e-08  0.00e+00  1.09e-09  2.90e-02  1.54e-09  4.63e-11  6.16e-05  2.13e-01
   22  -2.9707e+03  -2.9707e+03  8.60e-09  2.90e-12  2.56e-08  0.00e+00  8.71e-10  2.90e-02  1.23e-09  3.69e-11  2.65e-05  2.02e-01
   23  -2.9707e+03  -2.9707e+03  6.91e-09  2.33e-12  2.05e-08  0.00e+00  7.00e-10  2.90e-02  9.89e-10  2.97e-11  2.65e-05  1.96e-01
   24  -2.9707e+03  -2.9707e+03  5.62e-09  1.89e-12  1.67e-08  0.00e+00  5.69e-10  2.90e-02  8.05e-10  2.41e-11  8.00e-06  1.87e-01
   25  -2.9707e+03  -2.9707e+03  4.59e-09  1.55e-12  1.36e-08  0.00e+00  4.65e-10  2.90e-02  6.57e-10  1.97e-11  8.00e-06  1.83e-01
optimal solution found; terminating

status is Optimal after 25 iterations and 39.794 seconds

took 45.011207006 seconds

