
instance syn20m02m
ran at: 2020-05-12T18:35:32.296
with solver: hypatia, system solver: qrchol_dense
number type : Float64


reading instance and constructing model...
took 1.354903961 seconds
building model...
took 10.18290183 seconds

solving model...

 iter        p_obj        d_obj   abs_gap   rel_gap    x_feas    y_feas    z_feas       tau       kap        mu     gamma     alpha
    0  -1.2744e+03  -5.5386e+02  7.26e+02  5.70e-01  1.17e+02  0.00e+00  7.33e-01  1.00e+00  1.00e+00  1.00e+00
    1  -2.9317e+03  -2.2143e+03  2.05e+02  6.98e-02  1.16e+02  0.00e+00  7.27e-01  2.84e-01  9.96e-01  2.82e-01  6.75e-02  7.70e-01
    2  -5.0460e+03  -4.3834e+03  7.29e+01  1.44e-02  1.07e+02  0.00e+00  6.66e-01  1.10e-01  9.43e-01  1.00e-01  1.38e-01  7.47e-01
    3  -5.4402e+03  -4.8980e+03  3.86e+01  7.10e-03  8.67e+01  0.00e+00  5.42e-01  7.20e-02  7.48e-01  5.32e-02  1.40e-01  5.47e-01
    4  -5.4950e+03  -5.1586e+03  1.94e+01  3.54e-03  5.37e+01  0.00e+00  3.36e-01  5.85e-02  4.05e-01  2.68e-02  1.79e-01  6.05e-01
    5  -5.1566e+03  -5.0400e+03  6.54e+00  1.27e-03  1.87e+01  0.00e+00  1.17e-01  5.65e-02  1.07e-01  9.00e-03  1.38e-01  7.70e-01
    6  -5.0010e+03  -4.9552e+03  2.61e+00  5.22e-04  7.34e+00  0.00e+00  4.59e-02  5.74e-02  4.38e-02  3.60e-03  9.29e-02  6.62e-01
    7  -4.9836e+03  -4.9440e+03  2.25e+00  4.51e-04  6.34e+00  0.00e+00  3.96e-02  5.72e-02  3.85e-02  3.09e-03  1.98e-01  1.74e-01
    8  -4.9338e+03  -4.9146e+03  1.10e+00  2.22e-04  3.07e+00  0.00e+00  1.92e-02  5.77e-02  1.99e-02  1.51e-03  1.28e-01  5.87e-01
    9  -4.9002e+03  -4.8944e+03  3.35e-01  6.83e-05  9.31e-01  0.00e+00  5.82e-03  5.80e-02  6.41e-03  4.61e-04  7.00e-02  7.47e-01
   10  -4.8874e+03  -4.8865e+03  5.27e-02  1.08e-05  1.47e-01  0.00e+00  9.16e-04  5.81e-02  1.14e-03  7.26e-05  8.71e-02  9.23e-01
   11  -4.8850e+03  -4.8848e+03  1.21e-02  2.48e-06  3.37e-02  0.00e+00  2.10e-04  5.82e-02  2.62e-04  1.67e-05  9.97e-03  7.78e-01
   12  -4.8843e+03  -4.8843e+03  1.43e-03  2.93e-07  3.97e-03  0.00e+00  2.48e-05  5.82e-02  3.39e-05  1.97e-06  1.18e-01  1.00e+00
   13  -4.8842e+03  -4.8842e+03  4.27e-05  8.74e-09  1.18e-04  0.00e+00  7.40e-07  5.82e-02  1.01e-06  5.88e-08  6.17e-05  9.70e-01
   14  -4.8842e+03  -4.8842e+03  2.51e-06  5.14e-10  6.97e-06  0.00e+00  4.35e-08  5.82e-02  5.95e-08  3.46e-09  2.01e-04  9.41e-01
   15  -4.8842e+03  -4.8842e+03  2.26e-07  4.63e-11  6.25e-07  0.00e+00  3.90e-09  5.82e-02  5.33e-09  3.12e-10  3.28e-03  9.13e-01
   16  -4.8842e+03  -4.8842e+03  1.56e-07  3.20e-11  4.31e-07  0.00e+00  2.68e-09  5.82e-02  3.67e-09  2.15e-10  1.56e-01  3.70e-01

status is NumericalFailure after 16 iterations and 13.182 seconds

took 17.301166047 seconds
┌ Warning: very small alpha
└ @ Hypatia.Solvers ~/.julia/dev/Hypatia/src/Solvers/stepper.jl:211
┌ Warning: Hypatia status NumericalFailure not handled
└ @ Hypatia ~/.julia/dev/Hypatia/src/MathOptInterface/wrapper.jl:530


instance syn20m02m
ran at: 2020-05-13T00:57:15.652
with solver: hypatia, system solver: qrchol_dense
number type : BigFloat


reading instance and constructing model...
took 1.382537981 seconds
building model...
took 10.092998458 seconds

solving model...

 iter        p_obj        d_obj   abs_gap   rel_gap    x_feas    y_feas    z_feas       tau       kap        mu     gamma     alpha
    0  -1.2744e+03  -5.5386e+02  7.26e+02  5.70e-01  1.17e+02  0.00e+00  7.33e-01  1.00e+00  1.00e+00  1.00e+00
    1  -2.9317e+03  -2.2143e+03  2.05e+02  6.98e-02  1.16e+02  0.00e+00  7.27e-01  2.84e-01  9.96e-01  2.82e-01  6.75e-02  7.70e-01
    2  -5.0460e+03  -4.3834e+03  7.29e+01  1.44e-02  1.07e+02  0.00e+00  6.66e-01  1.10e-01  9.43e-01  1.00e-01  1.38e-01  7.47e-01
    3  -5.4402e+03  -4.8980e+03  3.86e+01  7.10e-03  8.67e+01  0.00e+00  5.42e-01  7.20e-02  7.48e-01  5.32e-02  1.40e-01  5.47e-01
    4  -5.4950e+03  -5.1586e+03  1.94e+01  3.54e-03  5.37e+01  0.00e+00  3.36e-01  5.85e-02  4.05e-01  2.68e-02  1.79e-01  6.05e-01
    5  -5.1566e+03  -5.0400e+03  6.54e+00  1.27e-03  1.87e+01  0.00e+00  1.17e-01  5.65e-02  1.07e-01  9.00e-03  1.38e-01  7.70e-01
    6  -5.0010e+03  -4.9552e+03  2.61e+00  5.22e-04  7.34e+00  0.00e+00  4.59e-02  5.74e-02  4.38e-02  3.60e-03  9.29e-02  6.62e-01
    7  -4.9836e+03  -4.9440e+03  2.25e+00  4.51e-04  6.34e+00  0.00e+00  3.96e-02  5.72e-02  3.85e-02  3.09e-03  1.98e-01  1.74e-01
    8  -4.9338e+03  -4.9146e+03  1.10e+00  2.22e-04  3.07e+00  0.00e+00  1.92e-02  5.77e-02  1.99e-02  1.51e-03  1.28e-01  5.87e-01
    9  -4.9002e+03  -4.8944e+03  3.35e-01  6.83e-05  9.31e-01  0.00e+00  5.82e-03  5.80e-02  6.41e-03  4.61e-04  7.00e-02  7.47e-01
   10  -4.8874e+03  -4.8865e+03  5.27e-02  1.08e-05  1.47e-01  0.00e+00  9.16e-04  5.81e-02  1.14e-03  7.26e-05  8.71e-02  9.23e-01
   11  -4.8850e+03  -4.8848e+03  1.21e-02  2.48e-06  3.37e-02  0.00e+00  2.10e-04  5.82e-02  2.62e-04  1.67e-05  9.97e-03  7.78e-01
   12  -4.8843e+03  -4.8843e+03  1.43e-03  2.93e-07  3.97e-03  0.00e+00  2.48e-05  5.82e-02  3.39e-05  1.97e-06  1.18e-01  1.00e+00
   13  -4.8842e+03  -4.8842e+03  4.27e-05  8.74e-09  1.18e-04  0.00e+00  7.40e-07  5.82e-02  1.01e-06  5.88e-08  6.17e-05  9.70e-01
   14  -4.8842e+03  -4.8842e+03  2.51e-06  5.14e-10  6.97e-06  0.00e+00  4.35e-08  5.82e-02  5.95e-08  3.46e-09  2.01e-04  9.41e-01
   15  -4.8842e+03  -4.8842e+03  1.07e-07  2.19e-11  2.97e-07  0.00e+00  1.86e-09  5.82e-02  2.54e-09  1.47e-10  3.28e-03  9.60e-01
   16  -4.8842e+03  -4.8842e+03  2.31e-08  4.72e-12  6.41e-08  0.00e+00  4.00e-10  5.82e-02  5.47e-10  3.18e-11  4.09e-02  8.18e-01
   17  -4.8842e+03  -4.8842e+03  5.82e-09  1.19e-12  1.62e-08  0.00e+00  1.01e-10  5.82e-02  1.38e-10  8.02e-12  7.66e-02  8.10e-01
   18  -4.8842e+03  -4.8842e+03  1.86e-09  3.81e-13  5.17e-09  0.00e+00  3.23e-11  5.82e-02  4.41e-11  2.57e-12  6.17e-02  7.25e-01
optimal solution found; terminating

status is Optimal after 18 iterations and 207.648 seconds

took 213.315340791 seconds

