
instance syn20h
ran at: 2020-05-12T18:22:31.25
with solver: hypatia, system solver: qrchol_dense
number type : Float64


reading instance and constructing model...
took 1.382178852 seconds
building model...
took 10.199772628 seconds

solving model...

 iter        p_obj        d_obj   abs_gap   rel_gap    x_feas    y_feas    z_feas       tau       kap        mu     gamma     alpha
    0  -5.9778e+02  -1.7025e+02  3.58e+02  5.99e-01  1.41e+01  0.00e+00  6.81e-01  1.00e+00  1.00e+00  1.00e+00
    1  -1.4673e+03  -1.0375e+03  7.75e+01  5.28e-02  1.41e+01  0.00e+00  6.79e-01  2.17e-01  9.99e-01  2.17e-01  7.98e-02  8.51e-01
    2  -3.2050e+03  -2.7866e+03  2.82e+01  8.79e-03  1.35e+01  0.00e+00  6.49e-01  8.26e-02  9.73e-01  7.87e-02  6.75e-02  6.82e-01
    3  -3.0439e+03  -2.6755e+03  2.19e+01  7.21e-03  1.18e+01  0.00e+00  5.70e-01  7.32e-02  8.23e-01  6.13e-02  2.06e-01  2.79e-01
    4  -3.2397e+03  -3.0005e+03  9.76e+00  3.01e-03  7.60e+00  0.00e+00  3.66e-01  5.07e-02  5.04e-01  2.73e-02  1.45e-01  6.49e-01
    5  -2.9342e+03  -2.7677e+03  5.37e+00  1.83e-03  5.26e+00  0.00e+00  2.53e-01  4.03e-02  3.18e-01  1.50e-02  1.70e-01  5.42e-01
    6  -2.0762e+03  -1.9820e+03  2.31e+00  1.11e-03  2.94e+00  0.00e+00  1.42e-01  3.09e-02  1.70e-01  6.44e-03  1.38e-01  6.62e-01
    7  -1.6655e+03  -1.6058e+03  1.37e+00  8.21e-04  1.86e+00  0.00e+00  8.96e-02  2.90e-02  1.02e-01  3.82e-03  2.01e-01  5.10e-01
    8  -1.2774e+03  -1.2502e+03  5.88e-01  4.61e-04  8.47e-01  0.00e+00  4.08e-02  2.74e-02  4.51e-02  1.64e-03  6.75e-02  6.11e-01
    9  -1.1458e+03  -1.1290e+03  3.43e-01  2.99e-04  5.21e-01  0.00e+00  2.51e-02  2.60e-02  2.90e-02  9.57e-04  2.06e-01  5.26e-01
   10  -1.0171e+03  -1.0099e+03  1.45e-01  1.43e-04  2.22e-01  0.00e+00  1.07e-02  2.57e-02  1.27e-02  4.05e-04  9.29e-02  6.36e-01
   11  -9.6514e+02  -9.6204e+02  6.19e-02  6.42e-05  9.55e-02  0.00e+00  4.60e-03  2.56e-02  5.69e-03  1.73e-04  1.26e-01  6.56e-01
   12  -9.3468e+02  -9.3403e+02  1.29e-02  1.38e-05  1.99e-02  0.00e+00  9.60e-04  2.56e-02  1.20e-03  3.61e-05  2.25e-02  8.10e-01
   13  -9.3293e+02  -9.3244e+02  9.83e-03  1.05e-05  1.52e-02  0.00e+00  7.31e-04  2.56e-02  9.22e-04  2.75e-05  1.36e-01  2.76e-01
   14  -9.2957e+02  -9.2938e+02  3.92e-03  4.22e-06  6.05e-03  0.00e+00  2.91e-04  2.56e-02  3.76e-04  1.10e-05  8.30e-02  6.56e-01
   15  -9.2761e+02  -9.2757e+02  6.50e-04  7.01e-07  1.00e-03  0.00e+00  4.83e-05  2.56e-02  6.36e-05  1.82e-06  3.00e-02  8.60e-01
   16  -9.2736e+02  -9.2735e+02  2.31e-04  2.49e-07  3.57e-04  0.00e+00  1.72e-05  2.56e-02  2.26e-05  6.45e-07  6.93e-03  6.49e-01
   17  -9.2724e+02  -9.2724e+02  3.45e-05  3.72e-08  5.33e-05  0.00e+00  2.57e-06  2.56e-02  3.38e-06  9.64e-08  8.77e-04  8.51e-01
   18  -9.2722e+02  -9.2722e+02  2.69e-06  2.90e-09  4.12e-06  0.00e+00  1.99e-07  2.56e-02  2.63e-07  7.50e-09  1.20e-04  9.23e-01
   19  -9.2722e+02  -9.2722e+02  2.56e-06  2.76e-09  3.92e-06  0.00e+00  1.89e-07  2.56e-02  2.51e-07  7.14e-09  8.80e-03  4.85e-02

status is NumericalFailure after 19 iterations and 24.871 seconds

took 29.094164783 seconds
┌ Warning: very small alpha
└ @ Hypatia.Solvers ~/.julia/dev/Hypatia/src/Solvers/stepper.jl:211
┌ Warning: Hypatia status NumericalFailure not handled
└ @ Hypatia ~/.julia/dev/Hypatia/src/MathOptInterface/wrapper.jl:530


instance syn20h
ran at: 2020-05-12T21:26:50.354
with solver: hypatia, system solver: qrchol_dense
number type : BigFloat


reading instance and constructing model...
took 1.344631433 seconds
building model...
took 10.102213087 seconds

solving model...

 iter        p_obj        d_obj   abs_gap   rel_gap    x_feas    y_feas    z_feas       tau       kap        mu     gamma     alpha
    0  -5.9778e+02  -1.7025e+02  3.58e+02  5.99e-01  1.41e+01  0.00e+00  6.81e-01  1.00e+00  1.00e+00  1.00e+00
    1  -1.4673e+03  -1.0375e+03  7.75e+01  5.28e-02  1.41e+01  0.00e+00  6.79e-01  2.17e-01  9.99e-01  2.17e-01  7.98e-02  8.51e-01
    2  -3.2050e+03  -2.7866e+03  2.82e+01  8.79e-03  1.35e+01  0.00e+00  6.49e-01  8.26e-02  9.73e-01  7.87e-02  6.75e-02  6.82e-01
    3  -3.0439e+03  -2.6755e+03  2.19e+01  7.21e-03  1.18e+01  0.00e+00  5.70e-01  7.32e-02  8.23e-01  6.13e-02  2.06e-01  2.79e-01
    4  -3.2397e+03  -3.0005e+03  9.76e+00  3.01e-03  7.60e+00  0.00e+00  3.66e-01  5.07e-02  5.04e-01  2.73e-02  1.45e-01  6.49e-01
    5  -2.9342e+03  -2.7677e+03  5.37e+00  1.83e-03  5.26e+00  0.00e+00  2.53e-01  4.03e-02  3.18e-01  1.50e-02  1.70e-01  5.42e-01
    6  -2.0762e+03  -1.9820e+03  2.31e+00  1.11e-03  2.94e+00  0.00e+00  1.42e-01  3.09e-02  1.70e-01  6.44e-03  1.38e-01  6.62e-01
    7  -1.6655e+03  -1.6058e+03  1.37e+00  8.21e-04  1.86e+00  0.00e+00  8.96e-02  2.90e-02  1.02e-01  3.82e-03  2.01e-01  5.10e-01
    8  -1.2774e+03  -1.2502e+03  5.88e-01  4.61e-04  8.47e-01  0.00e+00  4.08e-02  2.74e-02  4.51e-02  1.64e-03  6.75e-02  6.11e-01
    9  -1.1458e+03  -1.1290e+03  3.43e-01  2.99e-04  5.21e-01  0.00e+00  2.51e-02  2.60e-02  2.90e-02  9.57e-04  2.06e-01  5.26e-01
   10  -1.0171e+03  -1.0099e+03  1.45e-01  1.43e-04  2.22e-01  0.00e+00  1.07e-02  2.57e-02  1.27e-02  4.05e-04  9.29e-02  6.36e-01
   11  -9.6514e+02  -9.6204e+02  6.19e-02  6.42e-05  9.55e-02  0.00e+00  4.60e-03  2.56e-02  5.69e-03  1.73e-04  1.26e-01  6.56e-01
   12  -9.3468e+02  -9.3403e+02  1.29e-02  1.38e-05  1.99e-02  0.00e+00  9.60e-04  2.56e-02  1.20e-03  3.61e-05  2.25e-02  8.10e-01
   13  -9.3293e+02  -9.3244e+02  9.83e-03  1.05e-05  1.52e-02  0.00e+00  7.31e-04  2.56e-02  9.22e-04  2.75e-05  1.36e-01  2.76e-01
   14  -9.2957e+02  -9.2938e+02  3.92e-03  4.22e-06  6.05e-03  0.00e+00  2.91e-04  2.56e-02  3.76e-04  1.10e-05  8.30e-02  6.56e-01
   15  -9.2761e+02  -9.2757e+02  6.50e-04  7.01e-07  1.00e-03  0.00e+00  4.83e-05  2.56e-02  6.36e-05  1.82e-06  3.00e-02  8.60e-01
   16  -9.2736e+02  -9.2735e+02  2.31e-04  2.49e-07  3.57e-04  0.00e+00  1.72e-05  2.56e-02  2.26e-05  6.45e-07  6.93e-03  6.49e-01
   17  -9.2724e+02  -9.2724e+02  3.45e-05  3.72e-08  5.33e-05  0.00e+00  2.57e-06  2.56e-02  3.38e-06  9.64e-08  8.77e-04  8.51e-01
   18  -9.2722e+02  -9.2722e+02  2.99e-06  3.23e-09  4.62e-06  0.00e+00  2.22e-07  2.56e-02  2.93e-07  8.36e-09  1.18e-04  9.13e-01
   19  -9.2722e+02  -9.2722e+02  5.43e-07  5.86e-10  8.39e-07  0.00e+00  4.04e-08  2.56e-02  5.38e-08  1.52e-09  1.92e-02  8.34e-01
   20  -9.2722e+02  -9.2722e+02  2.14e-07  2.31e-10  3.30e-07  0.00e+00  1.59e-08  2.56e-02  2.14e-08  5.97e-10  5.61e-02  6.43e-01
   21  -9.2722e+02  -9.2722e+02  1.17e-07  1.26e-10  1.80e-07  0.00e+00  8.68e-09  2.56e-02  1.18e-08  3.26e-10  8.30e-02  4.95e-01
   22  -9.2722e+02  -9.2722e+02  8.05e-08  8.68e-11  1.24e-07  0.00e+00  5.98e-09  2.56e-02  8.11e-09  2.25e-10  1.22e-02  3.15e-01
   23  -9.2722e+02  -9.2722e+02  6.34e-08  6.84e-11  9.80e-08  0.00e+00  4.72e-09  2.56e-02  6.39e-09  1.77e-10  3.28e-03  2.13e-01
   24  -9.2722e+02  -9.2722e+02  5.11e-08  5.51e-11  7.90e-08  0.00e+00  3.80e-09  2.56e-02  5.15e-09  1.43e-10  2.75e-03  1.94e-01
   25  -9.2722e+02  -9.2722e+02  4.13e-08  4.46e-11  6.38e-08  0.00e+00  3.07e-09  2.56e-02  4.16e-09  1.15e-10  2.75e-03  1.92e-01
   26  -9.2722e+02  -9.2722e+02  3.28e-08  3.54e-11  5.07e-08  0.00e+00  2.44e-09  2.56e-02  3.31e-09  9.17e-11  3.28e-03  2.06e-01
   27  -9.2722e+02  -9.2722e+02  2.58e-08  2.78e-11  3.98e-08  0.00e+00  1.92e-09  2.56e-02  2.60e-09  7.20e-11  3.28e-03  2.15e-01
   28  -9.2722e+02  -9.2722e+02  1.95e-08  2.10e-11  3.01e-08  0.00e+00  1.45e-09  2.56e-02  1.97e-09  5.45e-11  3.88e-03  2.45e-01
   29  -9.2722e+02  -9.2722e+02  1.38e-08  1.49e-11  2.13e-08  0.00e+00  1.03e-09  2.56e-02  1.39e-09  3.86e-11  4.54e-03  2.93e-01
   30  -9.2722e+02  -9.2722e+02  9.39e-09  1.01e-11  1.45e-08  0.00e+00  6.98e-10  2.56e-02  9.47e-10  2.62e-11  4.54e-03  3.21e-01
optimal solution found; terminating

status is Optimal after 30 iterations and 56.444 seconds

took 62.006772724 seconds


instance syn20h
ran at: 2020-05-12T22:47:27.781
with solver: hypatia, system solver: qrchol_dense
number type : BigFloat


reading instance and constructing model...
took 1.385976628 seconds
building model...
took 10.202707326 seconds

solving model...

 iter        p_obj        d_obj   abs_gap   rel_gap    x_feas    y_feas    z_feas       tau       kap        mu     gamma     alpha
    0  -5.9778e+02  -1.7025e+02  3.58e+02  5.99e-01  1.41e+01  0.00e+00  6.81e-01  1.00e+00  1.00e+00  1.00e+00
    1  -1.4673e+03  -1.0375e+03  7.75e+01  5.28e-02  1.41e+01  0.00e+00  6.79e-01  2.17e-01  9.99e-01  2.17e-01  7.98e-02  8.51e-01
    2  -3.2050e+03  -2.7866e+03  2.82e+01  8.79e-03  1.35e+01  0.00e+00  6.49e-01  8.26e-02  9.73e-01  7.87e-02  6.75e-02  6.82e-01
    3  -3.0439e+03  -2.6755e+03  2.19e+01  7.21e-03  1.18e+01  0.00e+00  5.70e-01  7.32e-02  8.23e-01  6.13e-02  2.06e-01  2.79e-01
    4  -3.2397e+03  -3.0005e+03  9.76e+00  3.01e-03  7.60e+00  0.00e+00  3.66e-01  5.07e-02  5.04e-01  2.73e-02  1.45e-01  6.49e-01
    5  -2.9342e+03  -2.7677e+03  5.37e+00  1.83e-03  5.26e+00  0.00e+00  2.53e-01  4.03e-02  3.18e-01  1.50e-02  1.70e-01  5.42e-01
    6  -2.0762e+03  -1.9820e+03  2.31e+00  1.11e-03  2.94e+00  0.00e+00  1.42e-01  3.09e-02  1.70e-01  6.44e-03  1.38e-01  6.62e-01
    7  -1.6655e+03  -1.6058e+03  1.37e+00  8.21e-04  1.86e+00  0.00e+00  8.96e-02  2.90e-02  1.02e-01  3.82e-03  2.01e-01  5.10e-01
    8  -1.2774e+03  -1.2502e+03  5.88e-01  4.61e-04  8.47e-01  0.00e+00  4.08e-02  2.74e-02  4.51e-02  1.64e-03  6.75e-02  6.11e-01
    9  -1.1458e+03  -1.1290e+03  3.43e-01  2.99e-04  5.21e-01  0.00e+00  2.51e-02  2.60e-02  2.90e-02  9.57e-04  2.06e-01  5.26e-01
   10  -1.0171e+03  -1.0099e+03  1.45e-01  1.43e-04  2.22e-01  0.00e+00  1.07e-02  2.57e-02  1.27e-02  4.05e-04  9.29e-02  6.36e-01
   11  -9.6514e+02  -9.6204e+02  6.19e-02  6.42e-05  9.55e-02  0.00e+00  4.60e-03  2.56e-02  5.69e-03  1.73e-04  1.26e-01  6.56e-01
   12  -9.3468e+02  -9.3403e+02  1.29e-02  1.38e-05  1.99e-02  0.00e+00  9.60e-04  2.56e-02  1.20e-03  3.61e-05  2.25e-02  8.10e-01
   13  -9.3293e+02  -9.3244e+02  9.83e-03  1.05e-05  1.52e-02  0.00e+00  7.31e-04  2.56e-02  9.22e-04  2.75e-05  1.36e-01  2.76e-01
   14  -9.2957e+02  -9.2938e+02  3.92e-03  4.22e-06  6.05e-03  0.00e+00  2.91e-04  2.56e-02  3.76e-04  1.10e-05  8.30e-02  6.56e-01
   15  -9.2761e+02  -9.2757e+02  6.50e-04  7.01e-07  1.00e-03  0.00e+00  4.83e-05  2.56e-02  6.36e-05  1.82e-06  3.00e-02  8.60e-01
   16  -9.2736e+02  -9.2735e+02  2.31e-04  2.49e-07  3.57e-04  0.00e+00  1.72e-05  2.56e-02  2.26e-05  6.45e-07  6.93e-03  6.49e-01
   17  -9.2724e+02  -9.2724e+02  3.45e-05  3.72e-08  5.33e-05  0.00e+00  2.57e-06  2.56e-02  3.38e-06  9.64e-08  8.77e-04  8.51e-01
   18  -9.2722e+02  -9.2722e+02  2.99e-06  3.23e-09  4.62e-06  0.00e+00  2.22e-07  2.56e-02  2.93e-07  8.36e-09  1.18e-04  9.13e-01
   19  -9.2722e+02  -9.2722e+02  5.43e-07  5.86e-10  8.39e-07  0.00e+00  4.04e-08  2.56e-02  5.38e-08  1.52e-09  1.92e-02  8.34e-01
   20  -9.2722e+02  -9.2722e+02  2.14e-07  2.31e-10  3.30e-07  0.00e+00  1.59e-08  2.56e-02  2.14e-08  5.97e-10  5.61e-02  6.43e-01
   21  -9.2722e+02  -9.2722e+02  1.17e-07  1.26e-10  1.80e-07  0.00e+00  8.68e-09  2.56e-02  1.18e-08  3.26e-10  8.30e-02  4.95e-01
   22  -9.2722e+02  -9.2722e+02  8.05e-08  8.68e-11  1.24e-07  0.00e+00  5.98e-09  2.56e-02  8.11e-09  2.25e-10  1.22e-02  3.15e-01
   23  -9.2722e+02  -9.2722e+02  6.34e-08  6.84e-11  9.80e-08  0.00e+00  4.72e-09  2.56e-02  6.39e-09  1.77e-10  3.28e-03  2.13e-01
   24  -9.2722e+02  -9.2722e+02  5.11e-08  5.51e-11  7.90e-08  0.00e+00  3.80e-09  2.56e-02  5.15e-09  1.43e-10  2.75e-03  1.94e-01
   25  -9.2722e+02  -9.2722e+02  4.13e-08  4.46e-11  6.38e-08  0.00e+00  3.07e-09  2.56e-02  4.16e-09  1.15e-10  2.75e-03  1.92e-01
   26  -9.2722e+02  -9.2722e+02  3.28e-08  3.54e-11  5.07e-08  0.00e+00  2.44e-09  2.56e-02  3.31e-09  9.17e-11  3.28e-03  2.06e-01
   27  -9.2722e+02  -9.2722e+02  2.58e-08  2.78e-11  3.98e-08  0.00e+00  1.92e-09  2.56e-02  2.60e-09  7.20e-11  3.28e-03  2.15e-01
   28  -9.2722e+02  -9.2722e+02  1.95e-08  2.10e-11  3.01e-08  0.00e+00  1.45e-09  2.56e-02  1.97e-09  5.45e-11  3.88e-03  2.45e-01
   29  -9.2722e+02  -9.2722e+02  1.38e-08  1.49e-11  2.13e-08  0.00e+00  1.03e-09  2.56e-02  1.39e-09  3.86e-11  4.54e-03  2.93e-01
   30  -9.2722e+02  -9.2722e+02  9.39e-09  1.01e-11  1.45e-08  0.00e+00  6.98e-10  2.56e-02  9.47e-10  2.62e-11  4.54e-03  3.21e-01
optimal solution found; terminating

status is Optimal after 30 iterations and 54.167 seconds

took 59.701295456 seconds


instance syn20h
ran at: 2020-05-13T00:23:40.021
with solver: hypatia, system solver: qrchol_dense
number type : BigFloat


reading instance and constructing model...
took 1.357163134 seconds
building model...
took 10.16534996 seconds

solving model...

 iter        p_obj        d_obj   abs_gap   rel_gap    x_feas    y_feas    z_feas       tau       kap        mu     gamma     alpha
    0  -5.9778e+02  -1.7025e+02  3.58e+02  5.99e-01  1.41e+01  0.00e+00  6.81e-01  1.00e+00  1.00e+00  1.00e+00
    1  -1.4673e+03  -1.0375e+03  7.75e+01  5.28e-02  1.41e+01  0.00e+00  6.79e-01  2.17e-01  9.99e-01  2.17e-01  7.98e-02  8.51e-01
    2  -3.2050e+03  -2.7866e+03  2.82e+01  8.79e-03  1.35e+01  0.00e+00  6.49e-01  8.26e-02  9.73e-01  7.87e-02  6.75e-02  6.82e-01
    3  -3.0439e+03  -2.6755e+03  2.19e+01  7.21e-03  1.18e+01  0.00e+00  5.70e-01  7.32e-02  8.23e-01  6.13e-02  2.06e-01  2.79e-01
    4  -3.2397e+03  -3.0005e+03  9.76e+00  3.01e-03  7.60e+00  0.00e+00  3.66e-01  5.07e-02  5.04e-01  2.73e-02  1.45e-01  6.49e-01
    5  -2.9342e+03  -2.7677e+03  5.37e+00  1.83e-03  5.26e+00  0.00e+00  2.53e-01  4.03e-02  3.18e-01  1.50e-02  1.70e-01  5.42e-01
    6  -2.0762e+03  -1.9820e+03  2.31e+00  1.11e-03  2.94e+00  0.00e+00  1.42e-01  3.09e-02  1.70e-01  6.44e-03  1.38e-01  6.62e-01
    7  -1.6655e+03  -1.6058e+03  1.37e+00  8.21e-04  1.86e+00  0.00e+00  8.96e-02  2.90e-02  1.02e-01  3.82e-03  2.01e-01  5.10e-01
    8  -1.2774e+03  -1.2502e+03  5.88e-01  4.61e-04  8.47e-01  0.00e+00  4.08e-02  2.74e-02  4.51e-02  1.64e-03  6.75e-02  6.11e-01
    9  -1.1458e+03  -1.1290e+03  3.43e-01  2.99e-04  5.21e-01  0.00e+00  2.51e-02  2.60e-02  2.90e-02  9.57e-04  2.06e-01  5.26e-01
   10  -1.0171e+03  -1.0099e+03  1.45e-01  1.43e-04  2.22e-01  0.00e+00  1.07e-02  2.57e-02  1.27e-02  4.05e-04  9.29e-02  6.36e-01
   11  -9.6514e+02  -9.6204e+02  6.19e-02  6.42e-05  9.55e-02  0.00e+00  4.60e-03  2.56e-02  5.69e-03  1.73e-04  1.26e-01  6.56e-01
   12  -9.3468e+02  -9.3403e+02  1.29e-02  1.38e-05  1.99e-02  0.00e+00  9.60e-04  2.56e-02  1.20e-03  3.61e-05  2.25e-02  8.10e-01
   13  -9.3293e+02  -9.3244e+02  9.83e-03  1.05e-05  1.52e-02  0.00e+00  7.31e-04  2.56e-02  9.22e-04  2.75e-05  1.36e-01  2.76e-01
   14  -9.2957e+02  -9.2938e+02  3.92e-03  4.22e-06  6.05e-03  0.00e+00  2.91e-04  2.56e-02  3.76e-04  1.10e-05  8.30e-02  6.56e-01
   15  -9.2761e+02  -9.2757e+02  6.50e-04  7.01e-07  1.00e-03  0.00e+00  4.83e-05  2.56e-02  6.36e-05  1.82e-06  3.00e-02  8.60e-01
   16  -9.2736e+02  -9.2735e+02  2.31e-04  2.49e-07  3.57e-04  0.00e+00  1.72e-05  2.56e-02  2.26e-05  6.45e-07  6.93e-03  6.49e-01
   17  -9.2724e+02  -9.2724e+02  3.45e-05  3.72e-08  5.33e-05  0.00e+00  2.57e-06  2.56e-02  3.38e-06  9.64e-08  8.77e-04  8.51e-01
   18  -9.2722e+02  -9.2722e+02  2.99e-06  3.23e-09  4.62e-06  0.00e+00  2.22e-07  2.56e-02  2.93e-07  8.36e-09  1.18e-04  9.13e-01
   19  -9.2722e+02  -9.2722e+02  5.43e-07  5.86e-10  8.39e-07  0.00e+00  4.04e-08  2.56e-02  5.38e-08  1.52e-09  1.92e-02  8.34e-01
   20  -9.2722e+02  -9.2722e+02  2.14e-07  2.31e-10  3.30e-07  0.00e+00  1.59e-08  2.56e-02  2.14e-08  5.97e-10  5.61e-02  6.43e-01
   21  -9.2722e+02  -9.2722e+02  1.17e-07  1.26e-10  1.80e-07  0.00e+00  8.68e-09  2.56e-02  1.18e-08  3.26e-10  8.30e-02  4.95e-01
   22  -9.2722e+02  -9.2722e+02  8.05e-08  8.68e-11  1.24e-07  0.00e+00  5.98e-09  2.56e-02  8.11e-09  2.25e-10  1.22e-02  3.15e-01
   23  -9.2722e+02  -9.2722e+02  6.34e-08  6.84e-11  9.80e-08  0.00e+00  4.72e-09  2.56e-02  6.39e-09  1.77e-10  3.28e-03  2.13e-01
   24  -9.2722e+02  -9.2722e+02  5.11e-08  5.51e-11  7.90e-08  0.00e+00  3.80e-09  2.56e-02  5.15e-09  1.43e-10  2.75e-03  1.94e-01
   25  -9.2722e+02  -9.2722e+02  4.13e-08  4.46e-11  6.38e-08  0.00e+00  3.07e-09  2.56e-02  4.16e-09  1.15e-10  2.75e-03  1.92e-01
   26  -9.2722e+02  -9.2722e+02  3.28e-08  3.54e-11  5.07e-08  0.00e+00  2.44e-09  2.56e-02  3.31e-09  9.17e-11  3.28e-03  2.06e-01
   27  -9.2722e+02  -9.2722e+02  2.58e-08  2.78e-11  3.98e-08  0.00e+00  1.92e-09  2.56e-02  2.60e-09  7.20e-11  3.28e-03  2.15e-01
   28  -9.2722e+02  -9.2722e+02  1.95e-08  2.10e-11  3.01e-08  0.00e+00  1.45e-09  2.56e-02  1.97e-09  5.45e-11  3.88e-03  2.45e-01
   29  -9.2722e+02  -9.2722e+02  1.38e-08  1.49e-11  2.13e-08  0.00e+00  1.03e-09  2.56e-02  1.39e-09  3.86e-11  4.54e-03  2.93e-01
   30  -9.2722e+02  -9.2722e+02  9.39e-09  1.01e-11  1.45e-08  0.00e+00  6.98e-10  2.56e-02  9.47e-10  2.62e-11  4.54e-03  3.21e-01
optimal solution found; terminating

status is Optimal after 30 iterations and 53.133 seconds

took 58.676566691 seconds

