
instance syn40m
ran at: 2020-05-12T18:23:42.511
with solver: hypatia, system solver: qrchol_dense
number type : Float64


reading instance and constructing model...
took 1.386516285 seconds
building model...
took 10.165042578 seconds

solving model...

 iter        p_obj        d_obj   abs_gap   rel_gap    x_feas    y_feas    z_feas       tau       kap        mu     gamma     alpha
    0  -7.4155e+02  -3.9872e+02  4.65e+02  6.27e-01  1.22e+02  0.00e+00  7.36e-01  1.00e+00  1.00e+00  1.00e+00
    1  -1.8101e+03  -1.4692e+03  1.42e+02  7.85e-02  1.21e+02  0.00e+00  7.27e-01  3.09e-01  9.94e-01  3.06e-01  7.05e-02  7.47e-01
    2  -2.5947e+03  -2.2873e+03  5.38e+01  2.07e-02  1.07e+02  0.00e+00  6.47e-01  1.32e-01  9.18e-01  1.16e-01  1.43e-01  7.25e-01
    3  -2.5206e+03  -2.2548e+03  3.78e+01  1.50e-02  9.26e+01  0.00e+00  5.57e-01  1.07e-01  7.53e-01  8.13e-02  1.57e-01  3.52e-01
    4  -2.3102e+03  -2.1613e+03  1.77e+01  7.66e-03  5.18e+01  0.00e+00  3.12e-01  8.97e-02  3.62e-01  3.80e-02  1.29e-01  6.11e-01
    5  -2.0228e+03  -1.9660e+03  6.71e+00  3.32e-03  1.98e+01  0.00e+00  1.19e-01  8.89e-02  1.16e-01  1.44e-02  1.35e-01  7.18e-01
    6  -1.9366e+03  -1.9089e+03  3.27e+00  1.69e-03  9.70e+00  0.00e+00  5.83e-02  8.85e-02  5.97e-02  7.02e-03  1.69e-01  6.17e-01
    7  -1.9006e+03  -1.8836e+03  1.99e+00  1.05e-03  5.92e+00  0.00e+00  3.56e-02  8.83e-02  3.77e-02  4.28e-03  1.44e-01  4.57e-01
    8  -1.8573e+03  -1.8521e+03  6.11e-01  3.29e-04  1.81e+00  0.00e+00  1.09e-02  8.88e-02  1.19e-02  1.31e-03  4.46e-02  7.25e-01
    9  -1.8546e+03  -1.8499e+03  5.34e-01  2.88e-04  1.64e+00  0.00e+00  9.87e-03  8.56e-02  1.08e-02  1.15e-03  2.27e-01  1.64e-01
   10  -1.8396e+03  -1.8386e+03  1.15e-01  6.26e-05  3.51e-01  0.00e+00  2.11e-03  8.64e-02  2.76e-03  2.48e-04  1.83e-01  9.60e-01
   11  -1.8372e+03  -1.8366e+03  6.54e-02  3.56e-05  1.99e-01  0.00e+00  1.20e-03  8.64e-02  1.58e-03  1.41e-04  1.78e-01  5.26e-01
   12  -1.8358e+03  -1.8355e+03  3.76e-02  2.05e-05  1.15e-01  0.00e+00  6.89e-04  8.64e-02  9.11e-04  8.10e-05  1.59e-01  5.05e-01
   13  -1.8343e+03  -1.8342e+03  7.05e-03  3.84e-06  2.14e-02  0.00e+00  1.29e-04  8.65e-02  1.72e-04  1.52e-05  7.37e-02  8.77e-01
   14  -1.8341e+03  -1.8340e+03  2.92e-03  1.59e-06  8.88e-03  0.00e+00  5.34e-05  8.65e-02  7.17e-05  6.29e-06  1.34e-01  6.76e-01
   15  -1.8339e+03  -1.8339e+03  4.04e-04  2.20e-07  1.23e-03  0.00e+00  7.39e-06  8.65e-02  1.00e-05  8.69e-07  1.38e-01  1.00e+00
   16  -1.8339e+03  -1.8339e+03  8.16e-06  4.45e-09  2.48e-05  0.00e+00  1.49e-07  8.66e-02  2.03e-07  1.75e-08  2.02e-04  9.80e-01
   17  -1.8339e+03  -1.8339e+03  4.80e-07  2.62e-10  1.46e-06  0.00e+00  8.77e-09  8.66e-02  1.19e-08  1.03e-09  2.01e-04  9.41e-01

status is NumericalFailure after 17 iterations and 12.995 seconds

took 17.192822261 seconds
┌ Warning: very small alpha
└ @ Hypatia.Solvers ~/.julia/dev/Hypatia/src/Solvers/stepper.jl:211
┌ Warning: Hypatia status NumericalFailure not handled
└ @ Hypatia ~/.julia/dev/Hypatia/src/MathOptInterface/wrapper.jl:530


instance syn40m
ran at: 2020-05-12T21:28:34.7
with solver: hypatia, system solver: qrchol_dense
number type : BigFloat


reading instance and constructing model...
took 1.384209154 seconds
building model...
took 10.139573125 seconds

solving model...

 iter        p_obj        d_obj   abs_gap   rel_gap    x_feas    y_feas    z_feas       tau       kap        mu     gamma     alpha
    0  -7.4155e+02  -3.9872e+02  4.65e+02  6.27e-01  1.22e+02  0.00e+00  7.36e-01  1.00e+00  1.00e+00  1.00e+00
    1  -1.8101e+03  -1.4692e+03  1.42e+02  7.85e-02  1.21e+02  0.00e+00  7.27e-01  3.09e-01  9.94e-01  3.06e-01  7.05e-02  7.47e-01
    2  -2.5947e+03  -2.2873e+03  5.38e+01  2.07e-02  1.07e+02  0.00e+00  6.47e-01  1.32e-01  9.18e-01  1.16e-01  1.43e-01  7.25e-01
    3  -2.5206e+03  -2.2548e+03  3.78e+01  1.50e-02  9.26e+01  0.00e+00  5.57e-01  1.07e-01  7.53e-01  8.13e-02  1.57e-01  3.52e-01
    4  -2.3102e+03  -2.1613e+03  1.77e+01  7.66e-03  5.18e+01  0.00e+00  3.12e-01  8.97e-02  3.62e-01  3.80e-02  1.29e-01  6.11e-01
    5  -2.0228e+03  -1.9660e+03  6.71e+00  3.32e-03  1.98e+01  0.00e+00  1.19e-01  8.89e-02  1.16e-01  1.44e-02  1.35e-01  7.18e-01
    6  -1.9366e+03  -1.9089e+03  3.27e+00  1.69e-03  9.70e+00  0.00e+00  5.83e-02  8.85e-02  5.97e-02  7.02e-03  1.69e-01  6.17e-01
    7  -1.9006e+03  -1.8836e+03  1.99e+00  1.05e-03  5.92e+00  0.00e+00  3.56e-02  8.83e-02  3.77e-02  4.28e-03  1.44e-01  4.57e-01
    8  -1.8573e+03  -1.8521e+03  6.11e-01  3.29e-04  1.81e+00  0.00e+00  1.09e-02  8.88e-02  1.19e-02  1.31e-03  4.46e-02  7.25e-01
    9  -1.8546e+03  -1.8499e+03  5.34e-01  2.88e-04  1.64e+00  0.00e+00  9.87e-03  8.56e-02  1.08e-02  1.15e-03  2.27e-01  1.64e-01
   10  -1.8396e+03  -1.8386e+03  1.15e-01  6.26e-05  3.51e-01  0.00e+00  2.11e-03  8.64e-02  2.76e-03  2.48e-04  1.83e-01  9.60e-01
   11  -1.8372e+03  -1.8366e+03  6.54e-02  3.56e-05  1.99e-01  0.00e+00  1.20e-03  8.64e-02  1.58e-03  1.41e-04  1.78e-01  5.26e-01
   12  -1.8358e+03  -1.8355e+03  3.76e-02  2.05e-05  1.15e-01  0.00e+00  6.89e-04  8.64e-02  9.11e-04  8.10e-05  1.59e-01  5.05e-01
   13  -1.8343e+03  -1.8342e+03  7.05e-03  3.84e-06  2.14e-02  0.00e+00  1.29e-04  8.65e-02  1.72e-04  1.52e-05  7.37e-02  8.77e-01
   14  -1.8341e+03  -1.8340e+03  2.92e-03  1.59e-06  8.88e-03  0.00e+00  5.34e-05  8.65e-02  7.17e-05  6.29e-06  1.34e-01  6.76e-01
   15  -1.8339e+03  -1.8339e+03  4.04e-04  2.20e-07  1.23e-03  0.00e+00  7.39e-06  8.65e-02  1.00e-05  8.69e-07  1.38e-01  1.00e+00
   16  -1.8339e+03  -1.8339e+03  8.16e-06  4.45e-09  2.48e-05  0.00e+00  1.49e-07  8.66e-02  2.03e-07  1.75e-08  2.02e-04  9.80e-01
   17  -1.8339e+03  -1.8339e+03  4.80e-07  2.62e-10  1.46e-06  0.00e+00  8.77e-09  8.66e-02  1.19e-08  1.03e-09  2.01e-04  9.41e-01
   18  -1.8339e+03  -1.8339e+03  2.38e-08  1.30e-11  7.22e-08  0.00e+00  4.35e-10  8.66e-02  5.91e-10  5.11e-11  4.63e-04  9.51e-01
   19  -1.8339e+03  -1.8339e+03  2.73e-09  1.49e-12  8.29e-09  0.00e+00  4.99e-11  8.66e-02  6.78e-11  5.87e-12  1.15e-03  8.86e-01
optimal solution found; terminating

status is Optimal after 19 iterations and 81.303 seconds

took 86.880469369 seconds


instance syn40m
ran at: 2020-05-12T22:49:11.134
with solver: hypatia, system solver: qrchol_dense
number type : BigFloat


reading instance and constructing model...
took 1.383593082 seconds
building model...
took 10.0944206 seconds

solving model...

 iter        p_obj        d_obj   abs_gap   rel_gap    x_feas    y_feas    z_feas       tau       kap        mu     gamma     alpha
    0  -7.4155e+02  -3.9872e+02  4.65e+02  6.27e-01  1.22e+02  0.00e+00  7.36e-01  1.00e+00  1.00e+00  1.00e+00
    1  -1.8101e+03  -1.4692e+03  1.42e+02  7.85e-02  1.21e+02  0.00e+00  7.27e-01  3.09e-01  9.94e-01  3.06e-01  7.05e-02  7.47e-01
    2  -2.5947e+03  -2.2873e+03  5.38e+01  2.07e-02  1.07e+02  0.00e+00  6.47e-01  1.32e-01  9.18e-01  1.16e-01  1.43e-01  7.25e-01
    3  -2.5206e+03  -2.2548e+03  3.78e+01  1.50e-02  9.26e+01  0.00e+00  5.57e-01  1.07e-01  7.53e-01  8.13e-02  1.57e-01  3.52e-01
    4  -2.3102e+03  -2.1613e+03  1.77e+01  7.66e-03  5.18e+01  0.00e+00  3.12e-01  8.97e-02  3.62e-01  3.80e-02  1.29e-01  6.11e-01
    5  -2.0228e+03  -1.9660e+03  6.71e+00  3.32e-03  1.98e+01  0.00e+00  1.19e-01  8.89e-02  1.16e-01  1.44e-02  1.35e-01  7.18e-01
    6  -1.9366e+03  -1.9089e+03  3.27e+00  1.69e-03  9.70e+00  0.00e+00  5.83e-02  8.85e-02  5.97e-02  7.02e-03  1.69e-01  6.17e-01
    7  -1.9006e+03  -1.8836e+03  1.99e+00  1.05e-03  5.92e+00  0.00e+00  3.56e-02  8.83e-02  3.77e-02  4.28e-03  1.44e-01  4.57e-01
    8  -1.8573e+03  -1.8521e+03  6.11e-01  3.29e-04  1.81e+00  0.00e+00  1.09e-02  8.88e-02  1.19e-02  1.31e-03  4.46e-02  7.25e-01
    9  -1.8546e+03  -1.8499e+03  5.34e-01  2.88e-04  1.64e+00  0.00e+00  9.87e-03  8.56e-02  1.08e-02  1.15e-03  2.27e-01  1.64e-01
   10  -1.8396e+03  -1.8386e+03  1.15e-01  6.26e-05  3.51e-01  0.00e+00  2.11e-03  8.64e-02  2.76e-03  2.48e-04  1.83e-01  9.60e-01
   11  -1.8372e+03  -1.8366e+03  6.54e-02  3.56e-05  1.99e-01  0.00e+00  1.20e-03  8.64e-02  1.58e-03  1.41e-04  1.78e-01  5.26e-01
   12  -1.8358e+03  -1.8355e+03  3.76e-02  2.05e-05  1.15e-01  0.00e+00  6.89e-04  8.64e-02  9.11e-04  8.10e-05  1.59e-01  5.05e-01
   13  -1.8343e+03  -1.8342e+03  7.05e-03  3.84e-06  2.14e-02  0.00e+00  1.29e-04  8.65e-02  1.72e-04  1.52e-05  7.37e-02  8.77e-01
   14  -1.8341e+03  -1.8340e+03  2.92e-03  1.59e-06  8.88e-03  0.00e+00  5.34e-05  8.65e-02  7.17e-05  6.29e-06  1.34e-01  6.76e-01
   15  -1.8339e+03  -1.8339e+03  4.04e-04  2.20e-07  1.23e-03  0.00e+00  7.39e-06  8.65e-02  1.00e-05  8.69e-07  1.38e-01  1.00e+00
   16  -1.8339e+03  -1.8339e+03  8.16e-06  4.45e-09  2.48e-05  0.00e+00  1.49e-07  8.66e-02  2.03e-07  1.75e-08  2.02e-04  9.80e-01
   17  -1.8339e+03  -1.8339e+03  4.80e-07  2.62e-10  1.46e-06  0.00e+00  8.77e-09  8.66e-02  1.19e-08  1.03e-09  2.01e-04  9.41e-01
   18  -1.8339e+03  -1.8339e+03  2.38e-08  1.30e-11  7.22e-08  0.00e+00  4.35e-10  8.66e-02  5.91e-10  5.11e-11  4.63e-04  9.51e-01
   19  -1.8339e+03  -1.8339e+03  2.73e-09  1.49e-12  8.29e-09  0.00e+00  4.99e-11  8.66e-02  6.78e-11  5.87e-12  1.15e-03  8.86e-01
optimal solution found; terminating

status is Optimal after 19 iterations and 82.155 seconds

took 87.644182715 seconds


instance syn40m
ran at: 2020-05-13T00:25:21.35
with solver: hypatia, system solver: qrchol_dense
number type : BigFloat


reading instance and constructing model...
took 1.382673791 seconds
building model...
took 10.152773019 seconds

solving model...

 iter        p_obj        d_obj   abs_gap   rel_gap    x_feas    y_feas    z_feas       tau       kap        mu     gamma     alpha
    0  -7.4155e+02  -3.9872e+02  4.65e+02  6.27e-01  1.22e+02  0.00e+00  7.36e-01  1.00e+00  1.00e+00  1.00e+00
    1  -1.8101e+03  -1.4692e+03  1.42e+02  7.85e-02  1.21e+02  0.00e+00  7.27e-01  3.09e-01  9.94e-01  3.06e-01  7.05e-02  7.47e-01
    2  -2.5947e+03  -2.2873e+03  5.38e+01  2.07e-02  1.07e+02  0.00e+00  6.47e-01  1.32e-01  9.18e-01  1.16e-01  1.43e-01  7.25e-01
    3  -2.5206e+03  -2.2548e+03  3.78e+01  1.50e-02  9.26e+01  0.00e+00  5.57e-01  1.07e-01  7.53e-01  8.13e-02  1.57e-01  3.52e-01
    4  -2.3102e+03  -2.1613e+03  1.77e+01  7.66e-03  5.18e+01  0.00e+00  3.12e-01  8.97e-02  3.62e-01  3.80e-02  1.29e-01  6.11e-01
    5  -2.0228e+03  -1.9660e+03  6.71e+00  3.32e-03  1.98e+01  0.00e+00  1.19e-01  8.89e-02  1.16e-01  1.44e-02  1.35e-01  7.18e-01
    6  -1.9366e+03  -1.9089e+03  3.27e+00  1.69e-03  9.70e+00  0.00e+00  5.83e-02  8.85e-02  5.97e-02  7.02e-03  1.69e-01  6.17e-01
    7  -1.9006e+03  -1.8836e+03  1.99e+00  1.05e-03  5.92e+00  0.00e+00  3.56e-02  8.83e-02  3.77e-02  4.28e-03  1.44e-01  4.57e-01
    8  -1.8573e+03  -1.8521e+03  6.11e-01  3.29e-04  1.81e+00  0.00e+00  1.09e-02  8.88e-02  1.19e-02  1.31e-03  4.46e-02  7.25e-01
    9  -1.8546e+03  -1.8499e+03  5.34e-01  2.88e-04  1.64e+00  0.00e+00  9.87e-03  8.56e-02  1.08e-02  1.15e-03  2.27e-01  1.64e-01
   10  -1.8396e+03  -1.8386e+03  1.15e-01  6.26e-05  3.51e-01  0.00e+00  2.11e-03  8.64e-02  2.76e-03  2.48e-04  1.83e-01  9.60e-01
   11  -1.8372e+03  -1.8366e+03  6.54e-02  3.56e-05  1.99e-01  0.00e+00  1.20e-03  8.64e-02  1.58e-03  1.41e-04  1.78e-01  5.26e-01
   12  -1.8358e+03  -1.8355e+03  3.76e-02  2.05e-05  1.15e-01  0.00e+00  6.89e-04  8.64e-02  9.11e-04  8.10e-05  1.59e-01  5.05e-01
   13  -1.8343e+03  -1.8342e+03  7.05e-03  3.84e-06  2.14e-02  0.00e+00  1.29e-04  8.65e-02  1.72e-04  1.52e-05  7.37e-02  8.77e-01
   14  -1.8341e+03  -1.8340e+03  2.92e-03  1.59e-06  8.88e-03  0.00e+00  5.34e-05  8.65e-02  7.17e-05  6.29e-06  1.34e-01  6.76e-01
   15  -1.8339e+03  -1.8339e+03  4.04e-04  2.20e-07  1.23e-03  0.00e+00  7.39e-06  8.65e-02  1.00e-05  8.69e-07  1.38e-01  1.00e+00
   16  -1.8339e+03  -1.8339e+03  8.16e-06  4.45e-09  2.48e-05  0.00e+00  1.49e-07  8.66e-02  2.03e-07  1.75e-08  2.02e-04  9.80e-01
   17  -1.8339e+03  -1.8339e+03  4.80e-07  2.62e-10  1.46e-06  0.00e+00  8.77e-09  8.66e-02  1.19e-08  1.03e-09  2.01e-04  9.41e-01
   18  -1.8339e+03  -1.8339e+03  2.38e-08  1.30e-11  7.22e-08  0.00e+00  4.35e-10  8.66e-02  5.91e-10  5.11e-11  4.63e-04  9.51e-01
   19  -1.8339e+03  -1.8339e+03  2.73e-09  1.49e-12  8.29e-09  0.00e+00  4.99e-11  8.66e-02  6.78e-11  5.87e-12  1.15e-03  8.86e-01
optimal solution found; terminating

status is Optimal after 19 iterations and 80.224 seconds

took 85.796754033 seconds

