
reading instance and constructing model...
took 0.000635075 seconds
building model...
took 0.023221615 seconds

solving model...

 iter        p_obj        d_obj   abs_gap   rel_gap    x_feas    y_feas    z_feas       tau       kap        mu     gamma     alpha
    0   1.5760e+02  -2.3284e+01  4.50e+01       NaN  1.63e+01  0.00e+00  4.99e-01  1.00e+00  1.00e+00  1.00e+00
aff_alpha = 0.7249078379242577
alpha = 0.7396264033509415
    1   6.4110e+01  -1.0510e+02  1.24e+01       NaN  1.55e+01  0.00e+00  4.74e-01  2.91e-01  9.74e-01  2.76e-01  2.08e-02  7.40e-01
aff_alpha = 0.14087032446297706
alpha = 0.4705395829214913
    2   6.8536e+01  -4.3560e+01  7.85e+00       NaN  1.02e+01  0.00e+00  3.13e-01  2.77e-01  5.44e-01  1.74e-01  2.15e-01  4.71e-01
aff_alpha = 0.6172284119281937
alpha = 0.8260860069732031
    3   7.5450e+00  -2.7406e+01  1.73e+00       NaN  3.22e+00  0.00e+00  9.84e-02  1.94e-01  1.74e-01  3.83e-02  5.61e-02  8.26e-01
aff_alpha = 0.49978704619620895
alpha = 0.7396264033509415
    4   1.9158e+00  -1.0641e+01  6.10e-01       NaN  1.16e+00  0.00e+00  3.54e-02  1.91e-01  6.16e-02  1.35e-02  1.25e-01  7.40e-01
aff_alpha = 0.24981207275280665
alpha = 0.2626863159915031
    5   1.6690e+00  -8.5103e+00  4.80e-01       NaN  9.39e-01  0.00e+00  2.87e-02  1.85e-01  4.95e-02  1.06e-02  1.88e-01  2.63e-01
aff_alpha = 0.5471019267265221
alpha = 0.5752972145019307
    6   9.6091e-02  -4.8565e+00  2.29e-01       NaN  4.57e-01  0.00e+00  1.40e-02  1.82e-01  2.44e-02  5.08e-03  9.29e-02  5.75e-01
aff_alpha = 0.7935349222152911
alpha = 0.8344303100739425
    7  -4.4329e-01  -1.3001e+00  3.97e-02  8.95e-02  7.91e-02  0.00e+00  2.41e-03  1.82e-01  4.19e-03  8.79e-04  8.80e-03  8.34e-01
aff_alpha = 0.8465751395296619
alpha = 0.8513726253177661
    8  -5.1927e-01  -6.4855e-01  6.02e-03  1.16e-02  1.19e-02  0.00e+00  3.64e-04  1.83e-01  6.35e-04  1.33e-04  3.61e-03  8.51e-01
aff_alpha = 0.3659957380391017
alpha = 0.5308524524008177
    9  -5.4427e-01  -6.1608e-01  3.33e-03  6.11e-03  6.63e-03  0.00e+00  2.03e-04  1.82e-01  3.62e-04  7.38e-05  1.59e-01  5.31e-01
aff_alpha = 0.5752972145019307
alpha = 0.5811082974766977
   10  -5.5194e-01  -5.8529e-01  1.54e-03  2.79e-03  3.08e-03  0.00e+00  9.41e-05  1.81e-01  1.70e-04  3.42e-05  7.66e-02  5.81e-01
aff_alpha = 0.9226524199584774
alpha = 0.8260860069732031
   11  -5.5403e-01  -5.5985e-01  2.69e-04  4.85e-04  5.38e-04  0.00e+00  1.64e-05  1.81e-01  2.99e-05  5.96e-06  4.63e-04  8.26e-01
aff_alpha = 0.9604999503989999
alpha = 0.9896356249158402
   12  -5.5441e-01  -5.5447e-01  2.80e-06  5.06e-06  5.61e-06  0.00e+00  1.71e-07  1.81e-01  3.01e-07  6.21e-08  6.16e-05  9.90e-01
aff_alpha = 0.9319051797560038
alpha = 0.9226524199584774
   13  -5.5442e-01  -5.5442e-01  2.18e-07  3.93e-07  4.35e-07  0.00e+00  1.33e-08  1.81e-01  2.34e-08  4.82e-09  3.16e-04  9.23e-01
aff_alpha = 0.3179572649127614
alpha = 0.7935349222152911
   14  -5.5442e-01  -5.5442e-01  8.67e-08  1.56e-07  3.35e-07  0.00e+00  4.54e-09  1.81e-01  8.36e-09  1.92e-09  1.71e-01  7.94e-01
aff_alpha = 0.6361044984066991
alpha = 0.6425473409245097
   15  -5.5442e-01  -5.5442e-01  3.35e-08  6.04e-08  1.31e-07  0.00e+00  1.76e-09  1.81e-01  3.32e-09  7.41e-10  4.82e-02  6.43e-01
aff_alpha = 0.8343576520694506
alpha = 0.629760648840112
   16  -5.5442e-01  -5.5442e-01  1.50e-08  2.71e-08  6.24e-08  0.00e+00  6.57e-10  1.81e-01  1.24e-09  3.32e-10  4.54e-03  6.30e-01
aff_alpha = 0.1573375467795787
alpha = 0.989901
   17  -5.5442e-01  -5.5442e-01  3.26e-09  5.89e-09  1.34e-08  0.00e+00  1.44e-10  1.81e-01  3.93e-10  7.25e-11  2.11e-01  9.90e-01
optimal solution found; terminating

status is Optimal after 17 iterations and 0.252 seconds

took 0.252235462 seconds
