
reading instance and constructing model...
took 0.000953658 seconds
building model...
took 0.003131676 seconds

solving model...

 iter        p_obj        d_obj   abs_gap   rel_gap    x_feas    y_feas    z_feas       tau       kap        mu     gamma     alpha
    0   4.0289e+02  -5.0553e+01  7.90e+01       NaN  2.32e+01  0.00e+00  5.43e-01  1.00e+00  1.00e+00  1.00e+00
aff_alpha = 0.6555936546520862
alpha = 0.8344303100739425
    1   1.4434e+02  -2.8086e+02  1.58e+01       NaN  2.20e+01  0.00e+00  5.14e-01  2.11e-01  9.79e-01  2.00e-01  4.09e-02  8.34e-01
aff_alpha = 0.21270443065869563
alpha = 0.39707069902047837
    2   1.7372e+02  -1.1139e+02  1.08e+01       NaN  1.47e+01  0.00e+00  3.44e-01  2.15e-01  5.67e-01  1.36e-01  1.97e-01  3.97e-01
aff_alpha = 0.44747846144243414
alpha = 0.7249078379242577
    3   7.9491e+01  -5.4619e+01  4.04e+00       NaN  6.92e+00  0.00e+00  1.62e-01  1.71e-01  2.33e-01  5.10e-02  1.38e-01  7.25e-01
aff_alpha = 0.710482171949565
alpha = 0.6994386942973336
    4   3.6441e+01  -8.2284e+00  1.28e+00       NaN  2.30e+00  0.00e+00  5.39e-02  1.63e-01  6.90e-02  1.62e-02  2.43e-02  6.99e-01
aff_alpha = 0.7033773502300693
alpha = 0.801550426480092
    5   1.8451e+01   8.5788e+00  2.82e-01  3.29e-02  5.09e-01  0.00e+00  1.19e-02  1.62e-01  1.53e-02  3.55e-03  2.61e-02  8.02e-01
aff_alpha = 0.6610066822145433
alpha = 0.6893801409604909
    6   1.5846e+01   1.2524e+01  9.51e-02  7.59e-03  1.71e-01  0.00e+00  4.01e-03  1.62e-01  5.33e-03  1.20e-03  3.90e-02  6.89e-01
aff_alpha = 0.34038380853879463
alpha = 0.7699661414905747
    7   1.5319e+01   1.4135e+01  3.39e-02  2.40e-03  6.11e-02  0.00e+00  1.43e-03  1.63e-01  2.17e-03  4.28e-04  1.65e-01  7.70e-01
aff_alpha = 0.586387866656292
alpha = 0.5255439278768095
    8   1.5198e+01   1.4593e+01  1.73e-02  1.19e-03  3.12e-02  0.00e+00  7.31e-04  1.63e-01  1.13e-03  2.19e-04  7.08e-02  5.26e-01
aff_alpha = 0.7101149503906543
alpha = 0.5362145983846643
    9   1.5135e+01   1.4846e+01  8.27e-03  5.57e-04  1.49e-02  0.00e+00  3.49e-04  1.63e-01  5.40e-04  1.04e-04  2.44e-02  5.36e-01
aff_alpha = 0.8094449756568645
alpha = 0.6689048613938233
   10   1.5097e+01   1.5001e+01  2.78e-03  1.85e-04  5.00e-03  0.00e+00  1.17e-04  1.63e-01  1.82e-04  3.51e-05  6.92e-03  6.69e-01
aff_alpha = 0.8343530427826978
alpha = 0.8513726253177661
   11   1.5085e+01   1.5071e+01  4.23e-04  2.81e-05  7.62e-04  0.00e+00  1.78e-05  1.63e-01  2.78e-05  5.35e-06  4.55e-03  8.51e-01
aff_alpha = 0.3587124228521235
alpha = 0.7322301393174321
   12   1.5083e+01   1.5077e+01  1.63e-04  1.08e-05  2.94e-04  0.00e+00  6.87e-06  1.63e-01  1.13e-05  2.06e-06  1.60e-01  7.32e-01
aff_alpha = 0.989901
alpha = 0.989901
   13   1.5082e+01   1.5082e+01  1.65e-06  1.09e-07  2.97e-06  0.00e+00  6.94e-08  1.63e-01  1.14e-07  2.08e-08  1.03e-06  9.90e-01
aff_alpha = 0.7944363360219208
alpha = 0.801550426480092
   14   1.5082e+01   1.5082e+01  3.41e-07  2.26e-08  6.11e-07  0.00e+00  1.41e-08  1.64e-01  2.43e-08  4.31e-09  8.69e-03  8.02e-01
aff_alpha = 0.0
alpha = 0.0

status is NumericalFailure after 14 iterations and 0.724 seconds

took 0.7248448 seconds
